"LINE_ID","SHIFT_CALENDAR_ID","SHIFT_ID","REPETITION_TP","REPETITION_DATA","SETTING_NAME","TIMEZONE_PATTERN_ID","DISPLAY_TEXT","BACKGROUND_COLOR","CREATE_USER_NO","CREATE_DATE","MODIFY_USER_NO","MODIFY_DATE","DATA_VERSION"
"1","2","1","2","9_5","繰り返し設定1","2","","FFFFFF","A2867","2018-12-06 12:02:05","A2867","2018-12-06 12:02:05","1"
"1","3","1","2","9_2","繰り返し設定1","3","","FFFFFF","B89883","2019-06-04 10:19:46","B89883","2019-06-04 10:19:46","1"
"1","3","1","2","9_5","繰り返し設定1","3","","FFFFFF","B89883","2019-06-04 10:19:46","B89883","2019-06-04 10:19:46","1"
"1","4","1","2","9_2","繰り返し設定1","4","","FFFFFF","A3211","2019-08-11 14:49:36","A3211","2019-08-11 14:49:36","1"
"1","5","1","2","9_2","繰り返し設定1","5","","FFFFFF","A3211","2019-08-11 14:49:36","A3211","2019-08-11 14:49:36","1"
"1","5","1","2","9_5","繰り返し設定1","5","","FFFFFF","A3211","2019-08-11 14:49:36","A3211","2019-08-11 14:49:36","1"
"1","6","1","2","9_5","繰り返し設定1","6","","FFFFFF","A3211","2019-08-11 14:49:36","A3211","2019-08-11 14:49:36","1"
"1","7","1","2","9_2","繰り返し設定1","7","","FFFFFF","A3211","2019-08-11 14:49:36","A3211","2019-08-11 14:49:36","1"
"1","7","1","2","9_5","繰り返し設定1","7","","FFFFFF","A3211","2019-08-11 14:49:36","A3211","2019-08-11 14:49:36","1"
"1","8","1","2","9_2","繰り返し設定1","8","","FFFFFF","A3218","2019-09-10 13:45:37","A3218","2019-09-10 13:45:37","1"
"1","8","1","2","9_5","繰り返し設定1","8","","FFFFFF","A3218","2019-09-10 13:45:37","A3218","2019-09-10 13:45:37","1"
"2","1","1","2","9_5","繰り返し設定1","1","","FFFFFF","A2867","2018-12-06 12:02:44","A2867","2018-12-06 12:02:44","1"
"2","2","1","2","9_5","繰り返し設定1","2","","FFFFFF","B89883","2019-05-09 11:32:33","B89883","2019-05-09 11:32:33","1"
"2","3","1","2","9_5","繰り返し設定1","3","","FFFFFF","B89883","2019-05-09 11:32:33","B89883","2019-05-09 11:32:33","1"
"2","4","1","2","9_5","繰り返し設定1","4","","FFFFFF","B89883","2019-05-09 11:32:33","B89883","2019-05-09 11:32:33","1"
"2","5","1","2","9_5","繰り返し設定1","5","","FFFFFF","B89883","2019-05-09 11:32:33","B89883","2019-05-09 11:32:33","1"
"2","6","1","2","9_5","繰り返し設定1","6","","FFFFFF","B89883","2019-05-09 11:32:33","B89883","2019-05-09 11:32:33","1"
"2","7","1","2","9_5","繰り返し設定1","7","","FFFFFF","B89883","2019-05-09 11:32:33","B89883","2019-05-09 11:32:33","1"
"2","8","1","2","9_2","繰り返し設定1","8","","FFFFFF","B89883","2019-06-04 10:18:47","B89883","2019-06-04 10:18:47","1"
"2","8","1","2","9_5","繰り返し設定1","8","","FFFFFF","B89883","2019-06-04 10:18:47","B89883","2019-06-04 10:18:47","1"
"2","9","1","2","9_2","繰り返し設定1","9","","FFFFFF","A3211","2019-08-11 14:49:10","A3211","2019-08-11 14:49:10","1"
"2","10","1","2","9_2","繰り返し設定1","10","","FFFFFF","A3211","2019-08-11 14:49:10","A3211","2019-08-11 14:49:10","1"
"2","10","1","2","9_5","繰り返し設定1","10","","FFFFFF","A3211","2019-08-11 14:49:10","A3211","2019-08-11 14:49:10","1"
"2","11","1","2","9_5","繰り返し設定1","11","","FFFFFF","A3211","2019-08-11 14:49:10","A3211","2019-08-11 14:49:10","1"
"2","12","1","2","9_2","繰り返し設定1","12","","FFFFFF","A3211","2019-08-11 14:49:10","A3211","2019-08-11 14:49:10","1"
"2","12","1","2","9_5","繰り返し設定1","12","","FFFFFF","A3211","2019-08-11 14:49:10","A3211","2019-08-11 14:49:10","1"
"2","13","1","2","9_2","繰り返し設定1","13","","FFFFFF","A3218","2019-09-10 13:44:16","A3218","2019-09-10 13:44:16","1"
"2","13","1","2","9_5","繰り返し設定1","13","","FFFFFF","A3218","2019-09-10 13:44:16","A3218","2019-09-10 13:44:16","1"
"3","1","1","2","9_5","繰り返し設定1","1","","FFFFFF","A2867","2018-12-06 12:04:27","A2867","2018-12-06 12:04:27","1"
"3","2","1","2","9_2","繰り返し設定1","2","","FFFFFF","B89883","2019-06-04 10:17:18","B89883","2019-06-04 10:17:18","1"
"3","2","1","2","9_5","繰り返し設定1","2","","FFFFFF","B89883","2019-06-04 10:17:18","B89883","2019-06-04 10:17:18","1"
"3","5","1","2","9_2","繰り返し設定1","5","","FFFFFF","A3211","2019-08-11 14:48:50","A3211","2019-08-11 14:48:50","1"
"3","6","1","2","9_2","繰り返し設定1","6","","FFFFFF","A3211","2019-08-11 14:48:50","A3211","2019-08-11 14:48:50","1"
"3","6","1","2","9_5","繰り返し設定1","6","","FFFFFF","A3211","2019-08-11 14:48:50","A3211","2019-08-11 14:48:50","1"
"3","7","1","2","9_5","繰り返し設定1","7","","FFFFFF","A3211","2019-08-11 14:48:50","A3211","2019-08-11 14:48:50","1"
"3","8","1","2","9_2","繰り返し設定1","8","","FFFFFF","A3211","2019-08-11 14:48:50","A3211","2019-08-11 14:48:50","1"
"3","8","1","2","9_5","繰り返し設定1","8","","FFFFFF","A3211","2019-08-11 14:48:50","A3211","2019-08-11 14:48:50","1"
"3","9","1","2","9_2","繰り返し設定1","9","","FFFFFF","A3218","2019-09-10 13:42:58","A3218","2019-09-10 13:42:58","1"
"3","9","1","2","9_5","繰り返し設定1","9","","FFFFFF","A3218","2019-09-10 13:42:58","A3218","2019-09-10 13:42:58","1"
"4","1","1","2","9_1","繰り返し設定1","1","","FFFFFF","A2636","2018-12-10 17:28:13","A2636","2018-12-10 17:28:13","1"
"4","1","1","2","9_2","繰り返し設定1","1","","FFFFFF","A2636","2018-12-10 17:28:13","A2636","2018-12-10 17:28:13","1"
"4","1","1","2","9_3","繰り返し設定1","1","","FFFFFF","A2636","2018-12-10 17:28:13","A2636","2018-12-10 17:28:13","1"
"4","1","1","2","9_4","繰り返し設定1","1","","FFFFFF","A2636","2018-12-10 17:28:13","A2636","2018-12-10 17:28:13","1"
"4","1","1","2","9_5","繰り返し設定1","1","","FFFFFF","A2636","2018-12-10 17:28:13","A2636","2018-12-10 17:28:13","1"
"4","1","1","2","9_6","繰り返し設定1","1","","FFFFFF","A2636","2018-12-10 17:28:13","A2636","2018-12-10 17:28:13","1"
"5","2","1","2","9_2","繰り返し設定1","2","","FFFFFF","A2867","2018-12-06 12:07:57","A2867","2018-12-06 12:07:57","1"
"5","2","1","2","9_4","繰り返し設定1","2","","FFFFFF","A2867","2018-12-06 12:07:57","A2867","2018-12-06 12:07:57","1"
"5","2","1","2","9_5","繰り返し設定1","2","","FFFFFF","A2867","2018-12-06 12:07:57","A2867","2018-12-06 12:07:57","1"
"5","2","1","2","9_6","繰り返し設定1","2","","FFFFFF","A2867","2018-12-06 12:07:57","A2867","2018-12-06 12:07:57","1"
"5","3","1","2","9_2","繰り返し設定1","3","","FFFFFF","A2636","2018-12-10 17:23:40","A2636","2018-12-10 17:23:40","1"
"5","3","1","2","9_4","繰り返し設定1","3","","FFFFFF","A2636","2018-12-10 17:23:40","A2636","2018-12-10 17:23:40","1"
"5","3","1","2","9_5","繰り返し設定1","3","","FFFFFF","A2636","2018-12-10 17:23:40","A2636","2018-12-10 17:23:40","1"
"5","3","1","2","9_6","繰り返し設定1","3","","FFFFFF","A2636","2018-12-10 17:23:40","A2636","2018-12-10 17:23:40","1"
"5","4","1","2","9_2","繰り返し設定1","4","","FFFFFF","A2636","2018-12-26 16:40:48","A2636","2018-12-26 16:40:48","1"
"5","4","1","2","9_4","繰り返し設定1","4","","FFFFFF","A2636","2018-12-26 16:40:48","A2636","2018-12-26 16:40:48","1"
"5","4","1","2","9_5","繰り返し設定1","4","","FFFFFF","A2636","2018-12-26 16:40:48","A2636","2018-12-26 16:40:48","1"
"5","5","1","2","9_2","繰り返し設定1","5","","FFFFFF","B89883","2019-06-04 10:12:45","B89883","2019-06-04 10:12:45","1"
"5","7","1","2","9_3","繰り返し設定1","7","","FFFFFF","B89883","2019-06-04 10:12:45","B89883","2019-06-04 10:12:45","1"
"5","9","1","2","9_4","繰り返し設定1","9","","FFFFFF","B89883","2019-06-04 10:12:45","B89883","2019-06-04 10:12:45","1"
"5","11","1","2","9_5","繰り返し設定1","11","","FFFFFF","B89883","2019-06-04 10:12:46","B89883","2019-06-04 10:12:46","1"
"5","12","1","2","9_2","繰り返し設定1","12","","FFFFFF","B89883","2019-06-04 10:12:46","B89883","2019-06-04 10:12:46","1"
"5","12","1","2","9_4","繰り返し設定1","12","","FFFFFF","B89883","2019-06-04 10:12:46","B89883","2019-06-04 10:12:46","1"
"5","12","1","2","9_5","繰り返し設定1","12","","FFFFFF","B89883","2019-06-04 10:12:46","B89883","2019-06-04 10:12:46","1"
"5","13","1","2","9_1","繰り返し設定1","13","","FFFFFF","B89883","2019-06-04 10:12:46","B89883","2019-06-04 10:12:46","1"
"5","15","1","2","9_2","繰り返し設定1","15","","FFFFFF","B89883","2019-06-04 10:12:46","B89883","2019-06-04 10:12:46","1"
"5","17","1","2","9_3","繰り返し設定1","17","","FFFFFF","B89883","2019-06-04 10:12:46","B89883","2019-06-04 10:12:46","1"
"5","19","1","2","9_4","繰り返し設定1","19","","FFFFFF","B89883","2019-06-04 10:12:46","B89883","2019-06-04 10:12:46","1"
"5","21","1","2","9_5","繰り返し設定1","21","","FFFFFF","B89883","2019-06-04 10:12:46","B89883","2019-06-04 10:12:46","1"
"5","22","1","2","9_2","繰り返し設定1","22","","FFFFFF","B89883","2019-06-04 10:12:46","B89883","2019-06-04 10:12:46","1"
"5","22","1","2","9_4","繰り返し設定1","22","","FFFFFF","B89883","2019-06-04 10:12:46","B89883","2019-06-04 10:12:46","1"
"5","22","1","2","9_5","繰り返し設定1","22","","FFFFFF","B89883","2019-06-04 10:12:46","B89883","2019-06-04 10:12:46","1"
"5","23","1","2","9_1","繰り返し設定1","23","","FFFFFF","B89883","2019-06-04 10:12:46","B89883","2019-06-04 10:12:46","1"
"5","25","1","2","9_2","繰り返し設定1","25","","FFFFFF","B89883","2019-06-04 10:12:46","B89883","2019-06-04 10:12:46","1"
"5","27","1","2","9_3","繰り返し設定1","27","","FFFFFF","B89883","2019-06-04 10:12:46","B89883","2019-06-04 10:12:46","1"
"5","29","1","2","9_4","繰り返し設定1","29","","FFFFFF","B89883","2019-06-04 10:12:46","B89883","2019-06-04 10:12:46","1"
"5","31","1","2","9_5","繰り返し設定1","31","","FFFFFF","B89883","2019-06-04 10:12:46","B89883","2019-06-04 10:12:46","1"
"5","32","1","2","9_2","繰り返し設定1","32","","FFFFFF","B89883","2019-06-04 10:12:46","B89883","2019-06-04 10:12:46","1"
"5","32","1","2","9_4","繰り返し設定1","32","","FFFFFF","B89883","2019-06-04 10:12:46","B89883","2019-06-04 10:12:46","1"
"5","32","1","2","9_5","繰り返し設定1","32","","FFFFFF","B89883","2019-06-04 10:12:46","B89883","2019-06-04 10:12:46","1"
"5","33","1","2","9_1","繰り返し設定1","33","","FFFFFF","B89883","2019-06-04 10:12:46","B89883","2019-06-04 10:12:46","1"
"5","35","1","2","9_2","繰り返し設定1","35","","FFFFFF","B89883","2019-06-04 10:12:46","B89883","2019-06-04 10:12:46","1"
"5","37","1","2","9_3","繰り返し設定1","37","","FFFFFF","B89883","2019-06-04 10:12:46","B89883","2019-06-04 10:12:46","1"
"5","39","1","2","9_4","繰り返し設定1","39","","FFFFFF","B89883","2019-06-04 10:12:46","B89883","2019-06-04 10:12:46","1"
"5","41","1","2","9_5","繰り返し設定1","41","","FFFFFF","B89883","2019-06-04 10:12:46","B89883","2019-06-04 10:12:46","1"
"5","42","1","2","9_2","繰り返し設定1","42","","FFFFFF","B89883","2019-06-04 10:12:46","B89883","2019-06-04 10:12:46","1"
"5","42","1","2","9_4","繰り返し設定1","42","","FFFFFF","B89883","2019-06-04 10:12:46","B89883","2019-06-04 10:12:46","1"
"5","42","1","2","9_5","繰り返し設定1","42","","FFFFFF","B89883","2019-06-04 10:12:46","B89883","2019-06-04 10:12:46","1"
"5","43","1","2","9_1","繰り返し設定1","43","","FFFFFF","B89883","2019-06-04 10:12:46","B89883","2019-06-04 10:12:46","1"
"5","45","1","2","9_2","繰り返し設定1","45","","FFFFFF","B89883","2019-06-04 10:12:46","B89883","2019-06-04 10:12:46","1"
"5","47","1","2","9_3","繰り返し設定1","47","","FFFFFF","B89883","2019-06-04 10:12:46","B89883","2019-06-04 10:12:46","1"
"5","49","1","2","9_4","繰り返し設定1","49","","FFFFFF","B89883","2019-06-04 10:12:46","B89883","2019-06-04 10:12:46","1"
"5","51","1","2","9_5","繰り返し設定1","51","","FFFFFF","B89883","2019-06-04 10:12:46","B89883","2019-06-04 10:12:46","1"
"5","52","1","2","9_2","繰り返し設定1","52","","FFFFFF","B89883","2019-06-04 10:12:46","B89883","2019-06-04 10:12:46","1"
"5","52","1","2","9_4","繰り返し設定1","52","","FFFFFF","B89883","2019-06-04 10:12:46","B89883","2019-06-04 10:12:46","1"
"5","52","1","2","9_5","繰り返し設定1","52","","FFFFFF","B89883","2019-06-04 10:12:46","B89883","2019-06-04 10:12:46","1"
"5","53","1","2","9_1","繰り返し設定1","53","","FFFFFF","B89883","2019-06-04 10:12:46","B89883","2019-06-04 10:12:46","1"
"5","55","1","2","9_2","繰り返し設定1","55","","FFFFFF","B89883","2019-06-04 10:12:46","B89883","2019-06-04 10:12:46","1"
"5","57","1","2","9_3","繰り返し設定1","57","","FFFFFF","B89883","2019-06-04 10:12:46","B89883","2019-06-04 10:12:46","1"
"5","59","1","2","9_4","繰り返し設定1","59","","FFFFFF","B89883","2019-06-04 10:12:46","B89883","2019-06-04 10:12:46","1"
"5","61","1","2","9_5","繰り返し設定1","61","","FFFFFF","B89883","2019-06-04 10:12:46","B89883","2019-06-04 10:12:46","1"
"5","62","1","2","9_2","繰り返し設定1","62","","FFFFFF","B89883","2019-06-04 10:12:46","B89883","2019-06-04 10:12:46","1"
"5","62","1","2","9_4","繰り返し設定1","62","","FFFFFF","B89883","2019-06-04 10:12:46","B89883","2019-06-04 10:12:46","1"
"5","62","1","2","9_5","繰り返し設定1","62","","FFFFFF","B89883","2019-06-04 10:12:46","B89883","2019-06-04 10:12:46","1"
"5","63","1","2","9_1","繰り返し設定1","63","","FFFFFF","B89883","2019-06-04 10:12:46","B89883","2019-06-04 10:12:46","1"
"5","65","1","2","9_2","繰り返し設定1","65","","FFFFFF","B89883","2019-06-04 10:12:46","B89883","2019-06-04 10:12:46","1"
"5","67","1","2","9_3","繰り返し設定1","67","","FFFFFF","B89883","2019-06-04 10:12:46","B89883","2019-06-04 10:12:46","1"
"5","69","1","2","9_4","繰り返し設定1","69","","FFFFFF","B89883","2019-06-04 10:12:46","B89883","2019-06-04 10:12:46","1"
"5","71","1","2","9_5","繰り返し設定1","71","","FFFFFF","B89883","2019-06-04 10:12:46","B89883","2019-06-04 10:12:46","1"
"5","72","1","2","9_2","繰り返し設定1","72","","FFFFFF","B89883","2019-06-04 10:12:46","B89883","2019-06-04 10:12:46","1"
"5","72","1","2","9_4","繰り返し設定1","72","","FFFFFF","B89883","2019-06-04 10:12:46","B89883","2019-06-04 10:12:46","1"
"5","72","1","2","9_5","繰り返し設定1","72","","FFFFFF","B89883","2019-06-04 10:12:46","B89883","2019-06-04 10:12:46","1"
"5","73","1","2","9_1","繰り返し設定1","73","","FFFFFF","B89883","2019-06-04 10:12:46","B89883","2019-06-04 10:12:46","1"
"5","75","1","2","9_2","繰り返し設定1","75","","FFFFFF","B89883","2019-06-04 10:12:46","B89883","2019-06-04 10:12:46","1"
"5","77","1","2","9_3","繰り返し設定1","77","","FFFFFF","B89883","2019-06-04 10:12:46","B89883","2019-06-04 10:12:46","1"
"5","79","1","2","9_4","繰り返し設定1","79","","FFFFFF","B89883","2019-06-04 10:12:46","B89883","2019-06-04 10:12:46","1"
"5","81","1","2","9_5","繰り返し設定1","81","","FFFFFF","B89883","2019-06-04 10:12:46","B89883","2019-06-04 10:12:46","1"
"5","82","1","2","9_2","繰り返し設定1","82","","FFFFFF","B89883","2019-06-04 10:12:46","B89883","2019-06-04 10:12:46","1"
"5","82","1","2","9_4","繰り返し設定1","82","","FFFFFF","B89883","2019-06-04 10:12:46","B89883","2019-06-04 10:12:46","1"
"5","82","1","2","9_5","繰り返し設定1","82","","FFFFFF","B89883","2019-06-04 10:12:46","B89883","2019-06-04 10:12:46","1"
"5","83","1","2","9_1","繰り返し設定1","83","","FFFFFF","B89883","2019-06-04 10:12:46","B89883","2019-06-04 10:12:46","1"
"5","85","1","2","9_2","繰り返し設定1","85","","FFFFFF","B89883","2019-06-04 10:12:46","B89883","2019-06-04 10:12:46","1"
"5","87","1","2","9_3","繰り返し設定1","87","","FFFFFF","B89883","2019-06-04 10:12:46","B89883","2019-06-04 10:12:46","1"
"5","89","1","2","9_4","繰り返し設定1","89","","FFFFFF","B89883","2019-06-04 10:12:46","B89883","2019-06-04 10:12:46","1"
"5","91","1","2","9_5","繰り返し設定1","91","","FFFFFF","B89883","2019-06-04 10:12:46","B89883","2019-06-04 10:12:46","1"
"5","92","1","2","9_2","繰り返し設定1","92","","FFFFFF","B89883","2019-06-04 10:12:46","B89883","2019-06-04 10:12:46","1"
"5","92","1","2","9_4","繰り返し設定1","92","","FFFFFF","B89883","2019-06-04 10:12:46","B89883","2019-06-04 10:12:46","1"
"5","92","1","2","9_5","繰り返し設定1","92","","FFFFFF","B89883","2019-06-04 10:12:46","B89883","2019-06-04 10:12:46","1"
"5","93","1","2","9_1","繰り返し設定1","93","","FFFFFF","B89883","2019-06-04 10:12:46","B89883","2019-06-04 10:12:46","1"
"5","95","1","2","9_2","繰り返し設定1","95","","FFFFFF","B89883","2019-06-04 10:12:46","B89883","2019-06-04 10:12:46","1"
"5","97","1","2","9_3","繰り返し設定1","97","","FFFFFF","B89883","2019-06-04 10:12:47","B89883","2019-06-04 10:12:47","1"
"5","99","1","2","9_4","繰り返し設定1","99","","FFFFFF","B89883","2019-06-04 10:12:47","B89883","2019-06-04 10:12:47","1"
"5","101","1","2","9_5","繰り返し設定1","101","","FFFFFF","B89883","2019-06-04 10:12:47","B89883","2019-06-04 10:12:47","1"
"5","102","1","2","9_2","繰り返し設定1","102","","FFFFFF","B89883","2019-06-04 10:12:47","B89883","2019-06-04 10:12:47","1"
"5","102","1","2","9_4","繰り返し設定1","102","","FFFFFF","B89883","2019-06-04 10:12:47","B89883","2019-06-04 10:12:47","1"
"5","102","1","2","9_5","繰り返し設定1","102","","FFFFFF","B89883","2019-06-04 10:12:47","B89883","2019-06-04 10:12:47","1"
"5","103","1","2","9_1","繰り返し設定1","103","","FFFFFF","B89883","2019-06-04 10:12:47","B89883","2019-06-04 10:12:47","1"
"5","105","1","2","9_2","繰り返し設定1","105","","FFFFFF","B89883","2019-06-04 10:12:47","B89883","2019-06-04 10:12:47","1"
"5","107","1","2","9_3","繰り返し設定1","107","","FFFFFF","B89883","2019-06-04 10:12:47","B89883","2019-06-04 10:12:47","1"
"5","109","1","2","9_4","繰り返し設定1","109","","FFFFFF","B89883","2019-06-04 10:12:47","B89883","2019-06-04 10:12:47","1"
"5","111","1","2","9_5","繰り返し設定1","111","","FFFFFF","B89883","2019-06-04 10:12:47","B89883","2019-06-04 10:12:47","1"
"5","112","1","2","9_2","繰り返し設定1","112","","FFFFFF","B89883","2019-06-04 10:12:47","B89883","2019-06-04 10:12:47","1"
"5","112","1","2","9_4","繰り返し設定1","112","","FFFFFF","B89883","2019-06-04 10:12:47","B89883","2019-06-04 10:12:47","1"
"5","112","1","2","9_5","繰り返し設定1","112","","FFFFFF","B89883","2019-06-04 10:12:47","B89883","2019-06-04 10:12:47","1"
"5","113","1","2","9_1","繰り返し設定1","113","","FFFFFF","B89883","2019-06-04 10:12:47","B89883","2019-06-04 10:12:47","1"
"5","115","1","2","9_2","繰り返し設定1","115","","FFFFFF","B89883","2019-06-04 10:12:47","B89883","2019-06-04 10:12:47","1"
"5","117","1","2","9_3","繰り返し設定1","117","","FFFFFF","B89883","2019-06-04 10:12:47","B89883","2019-06-04 10:12:47","1"
"5","119","1","2","9_4","繰り返し設定1","119","","FFFFFF","B89883","2019-06-04 10:12:47","B89883","2019-06-04 10:12:47","1"
"5","121","1","2","9_5","繰り返し設定1","121","","FFFFFF","B89883","2019-06-04 10:12:47","B89883","2019-06-04 10:12:47","1"
"5","122","1","2","9_2","繰り返し設定1","122","","FFFFFF","B89883","2019-06-04 10:12:47","B89883","2019-06-04 10:12:47","1"
"5","122","1","2","9_4","繰り返し設定1","122","","FFFFFF","B89883","2019-06-04 10:12:47","B89883","2019-06-04 10:12:47","1"
"5","122","1","2","9_5","繰り返し設定1","122","","FFFFFF","B89883","2019-06-04 10:12:47","B89883","2019-06-04 10:12:47","1"
"5","123","1","2","9_1","繰り返し設定1","123","","FFFFFF","B89883","2019-06-04 10:12:47","B89883","2019-06-04 10:12:47","1"
"5","125","1","2","9_2","繰り返し設定1","125","","FFFFFF","B89883","2019-06-04 10:12:47","B89883","2019-06-04 10:12:47","1"
"5","127","1","2","9_3","繰り返し設定1","127","","FFFFFF","B89883","2019-06-04 10:12:47","B89883","2019-06-04 10:12:47","1"
"5","129","1","2","9_4","繰り返し設定1","129","","FFFFFF","B89883","2019-06-04 10:12:47","B89883","2019-06-04 10:12:47","1"
"5","131","1","2","9_5","繰り返し設定1","131","","FFFFFF","B89883","2019-06-04 10:12:47","B89883","2019-06-04 10:12:47","1"
"5","132","1","2","9_2","繰り返し設定1","132","","FFFFFF","B89883","2019-06-04 10:12:47","B89883","2019-06-04 10:12:47","1"
"5","132","1","2","9_4","繰り返し設定1","132","","FFFFFF","B89883","2019-06-04 10:12:47","B89883","2019-06-04 10:12:47","1"
"5","132","1","2","9_5","繰り返し設定1","132","","FFFFFF","B89883","2019-06-04 10:12:47","B89883","2019-06-04 10:12:47","1"
"5","133","1","2","9_1","繰り返し設定1","133","","FFFFFF","B89883","2019-06-04 10:12:47","B89883","2019-06-04 10:12:47","1"
"5","135","1","2","9_2","繰り返し設定1","135","","FFFFFF","B89883","2019-06-04 10:12:47","B89883","2019-06-04 10:12:47","1"
"5","137","1","2","9_3","繰り返し設定1","137","","FFFFFF","B89883","2019-06-04 10:12:47","B89883","2019-06-04 10:12:47","1"
"5","139","1","2","9_4","繰り返し設定1","139","","FFFFFF","B89883","2019-06-04 10:12:47","B89883","2019-06-04 10:12:47","1"
"5","141","1","2","9_5","繰り返し設定1","141","","FFFFFF","B89883","2019-06-04 10:12:47","B89883","2019-06-04 10:12:47","1"
"5","142","1","2","9_2","繰り返し設定1","142","","FFFFFF","B89883","2019-06-04 10:12:47","B89883","2019-06-04 10:12:47","1"
"5","142","1","2","9_4","繰り返し設定1","142","","FFFFFF","B89883","2019-06-04 10:12:47","B89883","2019-06-04 10:12:47","1"
"5","142","1","2","9_5","繰り返し設定1","142","","FFFFFF","B89883","2019-06-04 10:12:47","B89883","2019-06-04 10:12:47","1"
"5","143","1","2","9_1","繰り返し設定1","143","","FFFFFF","B89883","2019-06-04 10:12:47","B89883","2019-06-04 10:12:47","1"
"5","145","1","2","9_2","繰り返し設定1","145","","FFFFFF","B89883","2019-06-04 10:12:47","B89883","2019-06-04 10:12:47","1"
"5","147","1","2","9_3","繰り返し設定1","147","","FFFFFF","B89883","2019-06-04 10:12:47","B89883","2019-06-04 10:12:47","1"
"5","149","1","2","9_4","繰り返し設定1","149","","FFFFFF","B89883","2019-06-04 10:12:47","B89883","2019-06-04 10:12:47","1"
"5","151","1","2","9_5","繰り返し設定1","151","","FFFFFF","B89883","2019-06-04 10:12:47","B89883","2019-06-04 10:12:47","1"
"5","152","1","2","9_2","繰り返し設定1","152","","FFFFFF","B89883","2019-06-04 10:12:47","B89883","2019-06-04 10:12:47","1"
"5","152","1","2","9_4","繰り返し設定1","152","","FFFFFF","B89883","2019-06-04 10:12:47","B89883","2019-06-04 10:12:47","1"
"5","152","1","2","9_5","繰り返し設定1","152","","FFFFFF","B89883","2019-06-04 10:12:47","B89883","2019-06-04 10:12:47","1"
"5","153","1","2","9_1","繰り返し設定1","153","","FFFFFF","B89883","2019-06-04 10:12:47","B89883","2019-06-04 10:12:47","1"
"5","155","1","2","9_2","繰り返し設定1","155","","FFFFFF","B89883","2019-06-04 10:12:47","B89883","2019-06-04 10:12:47","1"
"5","157","1","2","9_3","繰り返し設定1","157","","FFFFFF","B89883","2019-06-04 10:12:47","B89883","2019-06-04 10:12:47","1"
"5","159","1","2","9_4","繰り返し設定1","159","","FFFFFF","B89883","2019-06-04 10:12:47","B89883","2019-06-04 10:12:47","1"
"5","161","1","2","9_5","繰り返し設定1","161","","FFFFFF","B89883","2019-06-04 10:12:47","B89883","2019-06-04 10:12:47","1"
"5","162","1","2","9_2","繰り返し設定1","162","","FFFFFF","B89883","2019-06-04 10:12:47","B89883","2019-06-04 10:12:47","1"
"5","162","1","2","9_4","繰り返し設定1","162","","FFFFFF","B89883","2019-06-04 10:12:47","B89883","2019-06-04 10:12:47","1"
"5","162","1","2","9_5","繰り返し設定1","162","","FFFFFF","B89883","2019-06-04 10:12:47","B89883","2019-06-04 10:12:47","1"
"5","163","1","2","9_1","繰り返し設定1","163","","FFFFFF","B89883","2019-06-04 10:12:47","B89883","2019-06-04 10:12:47","1"
"5","165","1","2","9_2","繰り返し設定1","165","","FFFFFF","B89883","2019-06-04 10:12:47","B89883","2019-06-04 10:12:47","1"
"5","167","1","2","9_3","繰り返し設定1","167","","FFFFFF","B89883","2019-06-04 10:12:47","B89883","2019-06-04 10:12:47","1"
"5","169","1","2","9_4","繰り返し設定1","169","","FFFFFF","B89883","2019-06-04 10:12:48","B89883","2019-06-04 10:12:48","1"
"5","171","1","2","9_5","繰り返し設定1","171","","FFFFFF","B89883","2019-06-04 10:12:48","B89883","2019-06-04 10:12:48","1"
"5","172","1","2","9_2","繰り返し設定1","172","","FFFFFF","B89883","2019-06-04 10:12:48","B89883","2019-06-04 10:12:48","1"
"5","172","1","2","9_4","繰り返し設定1","172","","FFFFFF","B89883","2019-06-04 10:12:48","B89883","2019-06-04 10:12:48","1"
"5","172","1","2","9_5","繰り返し設定1","172","","FFFFFF","B89883","2019-06-04 10:12:48","B89883","2019-06-04 10:12:48","1"
"5","173","1","2","9_1","繰り返し設定1","173","","FFFFFF","B89883","2019-06-04 10:12:48","B89883","2019-06-04 10:12:48","1"
"5","263","1","2","9_2","繰り返し設定1","263","","FFFFFF","A3218","2019-09-10 13:39:15","A3218","2019-09-10 13:39:15","1"
"5","263","1","2","9_4","繰り返し設定1","263","","FFFFFF","A3218","2019-09-10 13:39:15","A3218","2019-09-10 13:39:15","1"
"5","263","1","2","9_5","繰り返し設定1","263","","FFFFFF","A3218","2019-09-10 13:39:15","A3218","2019-09-10 13:39:15","1"
"6","1","1","2","9_1","繰り返し設定1","1","","FFFFFF","A2867","2018-12-06 12:13:02","A2867","2018-12-06 12:13:02","1"
"6","1","1","2","9_2","繰り返し設定1","1","","FFFFFF","A2867","2018-12-06 12:13:02","A2867","2018-12-06 12:13:02","1"
"6","1","1","2","9_3","繰り返し設定1","1","","FFFFFF","A2867","2018-12-06 12:13:03","A2867","2018-12-06 12:13:03","1"
"6","1","1","2","9_4","繰り返し設定1","1","","FFFFFF","A2867","2018-12-06 12:13:03","A2867","2018-12-06 12:13:03","1"
"6","1","1","2","9_5","繰り返し設定1","1","","FFFFFF","A2867","2018-12-06 12:13:03","A2867","2018-12-06 12:13:03","1"
"6","1","1","2","9_6","繰り返し設定1","1","","FFFFFF","A2867","2018-12-06 12:13:03","A2867","2018-12-06 12:13:03","1"
"6","2","1","2","9_1","繰り返し設定1","2","","FFFFFF","A2636","2018-12-26 16:40:05","A2636","2018-12-26 16:40:05","1"
"6","2","1","2","9_2","繰り返し設定1","2","","FFFFFF","A2636","2018-12-26 16:40:05","A2636","2018-12-26 16:40:05","1"
"6","2","1","2","9_3","繰り返し設定1","2","","FFFFFF","A2636","2018-12-26 16:40:05","A2636","2018-12-26 16:40:05","1"
"6","2","1","2","9_4","繰り返し設定1","2","","FFFFFF","A2636","2018-12-26 16:40:05","A2636","2018-12-26 16:40:05","1"
"6","2","1","2","9_5","繰り返し設定1","2","","FFFFFF","A2636","2018-12-26 16:40:05","A2636","2018-12-26 16:40:05","1"
"6","3","1","2","9_1","繰り返し設定1","3","","FFFFFF","B89883","2019-06-04 10:15:40","B89883","2019-06-04 10:15:40","1"
"6","3","1","2","9_2","繰り返し設定1","3","","FFFFFF","B89883","2019-06-04 10:15:40","B89883","2019-06-04 10:15:40","1"
"6","3","1","2","9_3","繰り返し設定1","3","","FFFFFF","B89883","2019-06-04 10:15:40","B89883","2019-06-04 10:15:40","1"
"6","3","1","2","9_4","繰り返し設定1","3","","FFFFFF","B89883","2019-06-04 10:15:40","B89883","2019-06-04 10:15:40","1"
"6","3","1","2","9_5","繰り返し設定1","3","","FFFFFF","B89883","2019-06-04 10:15:40","B89883","2019-06-04 10:15:40","1"
"6","4","1","2","9_1","繰り返し設定1","4","","FFFFFF","A3218","2019-09-10 13:40:54","A3218","2019-09-10 13:40:54","1"
"6","4","1","2","9_2","繰り返し設定1","4","","FFFFFF","A3218","2019-09-10 13:40:54","A3218","2019-09-10 13:40:54","1"
"6","4","1","2","9_3","繰り返し設定1","4","","FFFFFF","A3218","2019-09-10 13:40:54","A3218","2019-09-10 13:40:54","1"
"6","4","1","2","9_4","繰り返し設定1","4","","FFFFFF","A3218","2019-09-10 13:40:54","A3218","2019-09-10 13:40:54","1"
"6","4","1","2","9_5","繰り返し設定1","4","","FFFFFF","A3218","2019-09-10 13:40:54","A3218","2019-09-10 13:40:54","1"
"7","1","1","2","9_1","繰り返し設定1","1","","FFFFFF","A2636","2018-12-10 17:28:45","A2636","2018-12-10 17:28:45","1"
"7","1","1","2","9_2","繰り返し設定1","1","","FFFFFF","A2636","2018-12-10 17:28:45","A2636","2018-12-10 17:28:45","1"
"7","1","1","2","9_3","繰り返し設定1","1","","FFFFFF","A2636","2018-12-10 17:28:45","A2636","2018-12-10 17:28:45","1"
"7","1","1","2","9_4","繰り返し設定1","1","","FFFFFF","A2636","2018-12-10 17:28:45","A2636","2018-12-10 17:28:45","1"
"7","1","1","2","9_5","繰り返し設定1","1","","FFFFFF","A2636","2018-12-10 17:28:45","A2636","2018-12-10 17:28:45","1"
"7","1","1","2","9_6","繰り返し設定1","1","","FFFFFF","A2636","2018-12-10 17:28:45","A2636","2018-12-10 17:28:45","1"
"8","1","1","2","9_1","繰り返し設定1","1","","FFFFFF","A2636","2019-05-17 10:07:49","A2636","2019-05-17 10:07:49","1"
"8","1","1","2","9_2","繰り返し設定1","1","","FFFFFF","A2636","2019-05-17 10:07:49","A2636","2019-05-17 10:07:49","1"
"8","1","1","2","9_3","繰り返し設定1","1","","FFFFFF","A2636","2019-05-17 10:07:49","A2636","2019-05-17 10:07:49","1"
"8","1","1","2","9_4","繰り返し設定1","1","","FFFFFF","A2636","2019-05-17 10:07:49","A2636","2019-05-17 10:07:49","1"
"8","1","1","2","9_5","繰り返し設定1","1","","FFFFFF","A2636","2019-05-17 10:07:49","A2636","2019-05-17 10:07:49","1"
"8","1","1","2","9_6","繰り返し設定1","1","","FFFFFF","A2636","2019-05-17 10:07:49","A2636","2019-05-17 10:07:49","1"
"8","2","1","2","9_2","繰り返し設定1","2","","FFFFFF","B89883","2019-10-01 14:03:10","B89883","2019-10-01 14:03:10","1"
"8","4","1","2","9_3","繰り返し設定1","4","","FFFFFF","B89883","2019-10-01 14:03:10","B89883","2019-10-01 14:03:10","1"
"8","6","1","2","9_4","繰り返し設定1","6","","FFFFFF","B89883","2019-10-01 14:03:10","B89883","2019-10-01 14:03:10","1"
"8","8","1","2","9_5","繰り返し設定1","8","","FFFFFF","B89883","2019-10-01 14:03:10","B89883","2019-10-01 14:03:10","1"
"8","10","1","2","9_6","繰り返し設定1","10","","FFFFFF","B89883","2019-10-01 14:03:10","B89883","2019-10-01 14:03:10","1"
"8","11","1","2","9_1","繰り返し設定1","11","","FFFFFF","B89883","2019-10-01 14:03:10","B89883","2019-10-01 14:03:10","1"
"8","11","1","2","9_2","繰り返し設定1","11","","FFFFFF","B89883","2019-10-01 14:03:10","B89883","2019-10-01 14:03:10","1"
"8","11","1","2","9_3","繰り返し設定1","11","","FFFFFF","B89883","2019-10-01 14:03:10","B89883","2019-10-01 14:03:10","1"
"8","11","1","2","9_4","繰り返し設定1","11","","FFFFFF","B89883","2019-10-01 14:03:10","B89883","2019-10-01 14:03:10","1"
"8","11","1","2","9_5","繰り返し設定1","11","","FFFFFF","B89883","2019-10-01 14:03:10","B89883","2019-10-01 14:03:10","1"
"8","11","1","2","9_6","繰り返し設定1","11","","FFFFFF","B89883","2019-10-01 14:03:10","B89883","2019-10-01 14:03:10","1"
"8","12","1","2","9_1","繰り返し設定1","12","","FFFFFF","B89883","2019-10-01 14:03:10","B89883","2019-10-01 14:03:10","1"
"8","14","1","2","9_2","繰り返し設定1","14","","FFFFFF","B89883","2019-10-01 14:03:10","B89883","2019-10-01 14:03:10","1"
"8","16","1","2","9_3","繰り返し設定1","16","","FFFFFF","B89883","2019-10-01 14:03:10","B89883","2019-10-01 14:03:10","1"
"8","18","1","2","9_4","繰り返し設定1","18","","FFFFFF","B89883","2019-10-01 14:03:10","B89883","2019-10-01 14:03:10","1"
"8","20","1","2","9_5","繰り返し設定1","20","","FFFFFF","B89883","2019-10-01 14:03:10","B89883","2019-10-01 14:03:10","1"
"8","22","1","2","9_6","繰り返し設定1","22","","FFFFFF","B89883","2019-10-01 14:03:10","B89883","2019-10-01 14:03:10","1"
"8","23","1","2","9_1","繰り返し設定1","23","","FFFFFF","B89883","2019-10-01 14:03:10","B89883","2019-10-01 14:03:10","1"
"8","23","1","2","9_2","繰り返し設定1","23","","FFFFFF","B89883","2019-10-01 14:03:10","B89883","2019-10-01 14:03:10","1"
"8","23","1","2","9_3","繰り返し設定1","23","","FFFFFF","B89883","2019-10-01 14:03:10","B89883","2019-10-01 14:03:10","1"
"8","23","1","2","9_4","繰り返し設定1","23","","FFFFFF","B89883","2019-10-01 14:03:10","B89883","2019-10-01 14:03:10","1"
"8","23","1","2","9_5","繰り返し設定1","23","","FFFFFF","B89883","2019-10-01 14:03:10","B89883","2019-10-01 14:03:10","1"
"8","23","1","2","9_6","繰り返し設定1","23","","FFFFFF","B89883","2019-10-01 14:03:10","B89883","2019-10-01 14:03:10","1"
"8","24","1","2","9_1","繰り返し設定1","24","","FFFFFF","B89883","2019-10-01 14:03:10","B89883","2019-10-01 14:03:10","1"
"8","26","1","2","9_2","繰り返し設定1","26","","FFFFFF","B89883","2019-10-01 14:03:10","B89883","2019-10-01 14:03:10","1"
"8","28","1","2","9_3","繰り返し設定1","28","","FFFFFF","B89883","2019-10-01 14:03:10","B89883","2019-10-01 14:03:10","1"
"8","30","1","2","9_4","繰り返し設定1","30","","FFFFFF","B89883","2019-10-01 14:03:10","B89883","2019-10-01 14:03:10","1"
"8","32","1","2","9_5","繰り返し設定1","32","","FFFFFF","B89883","2019-10-01 14:03:10","B89883","2019-10-01 14:03:10","1"
"8","34","1","2","9_6","繰り返し設定1","34","","FFFFFF","B89883","2019-10-01 14:03:10","B89883","2019-10-01 14:03:10","1"
"8","35","1","2","9_1","繰り返し設定1","35","","FFFFFF","B89883","2019-10-01 14:03:10","B89883","2019-10-01 14:03:10","1"
"8","35","1","2","9_2","繰り返し設定1","35","","FFFFFF","B89883","2019-10-01 14:03:10","B89883","2019-10-01 14:03:10","1"
"8","35","1","2","9_3","繰り返し設定1","35","","FFFFFF","B89883","2019-10-01 14:03:10","B89883","2019-10-01 14:03:10","1"
"8","35","1","2","9_4","繰り返し設定1","35","","FFFFFF","B89883","2019-10-01 14:03:10","B89883","2019-10-01 14:03:10","1"
"8","35","1","2","9_5","繰り返し設定1","35","","FFFFFF","B89883","2019-10-01 14:03:10","B89883","2019-10-01 14:03:10","1"
"8","35","1","2","9_6","繰り返し設定1","35","","FFFFFF","B89883","2019-10-01 14:03:10","B89883","2019-10-01 14:03:10","1"
"8","36","1","2","9_1","繰り返し設定1","36","","FFFFFF","B89883","2019-10-01 14:03:10","B89883","2019-10-01 14:03:10","1"
"8","38","1","2","9_2","繰り返し設定1","38","","FFFFFF","B89883","2019-10-01 14:03:10","B89883","2019-10-01 14:03:10","1"
"8","40","1","2","9_3","繰り返し設定1","40","","FFFFFF","B89883","2019-10-01 14:03:10","B89883","2019-10-01 14:03:10","1"
"8","42","1","2","9_4","繰り返し設定1","42","","FFFFFF","B89883","2019-10-01 14:03:11","B89883","2019-10-01 14:03:11","1"
"8","44","1","2","9_5","繰り返し設定1","44","","FFFFFF","B89883","2019-10-01 14:03:11","B89883","2019-10-01 14:03:11","1"
"8","46","1","2","9_6","繰り返し設定1","46","","FFFFFF","B89883","2019-10-01 14:03:11","B89883","2019-10-01 14:03:11","1"
"8","47","1","2","9_1","繰り返し設定1","47","","FFFFFF","B89883","2019-10-01 14:03:11","B89883","2019-10-01 14:03:11","1"
"8","47","1","2","9_2","繰り返し設定1","47","","FFFFFF","B89883","2019-10-01 14:03:11","B89883","2019-10-01 14:03:11","1"
"8","47","1","2","9_3","繰り返し設定1","47","","FFFFFF","B89883","2019-10-01 14:03:11","B89883","2019-10-01 14:03:11","1"
"8","47","1","2","9_4","繰り返し設定1","47","","FFFFFF","B89883","2019-10-01 14:03:11","B89883","2019-10-01 14:03:11","1"
"8","47","1","2","9_5","繰り返し設定1","47","","FFFFFF","B89883","2019-10-01 14:03:11","B89883","2019-10-01 14:03:11","1"
"8","47","1","2","9_6","繰り返し設定1","47","","FFFFFF","B89883","2019-10-01 14:03:11","B89883","2019-10-01 14:03:11","1"
"8","48","1","2","9_1","繰り返し設定1","48","","FFFFFF","B89883","2019-10-01 14:03:11","B89883","2019-10-01 14:03:11","1"
"8","50","1","2","9_2","繰り返し設定1","50","","FFFFFF","B89883","2019-10-01 14:03:11","B89883","2019-10-01 14:03:11","1"
"8","52","1","2","9_3","繰り返し設定1","52","","FFFFFF","B89883","2019-10-01 14:03:11","B89883","2019-10-01 14:03:11","1"
"8","54","1","2","9_4","繰り返し設定1","54","","FFFFFF","B89883","2019-10-01 14:03:11","B89883","2019-10-01 14:03:11","1"
"8","56","1","2","9_5","繰り返し設定1","56","","FFFFFF","B89883","2019-10-01 14:03:11","B89883","2019-10-01 14:03:11","1"
"8","58","1","2","9_6","繰り返し設定1","58","","FFFFFF","B89883","2019-10-01 14:03:11","B89883","2019-10-01 14:03:11","1"
"8","59","1","2","9_1","繰り返し設定1","59","","FFFFFF","B89883","2019-10-01 14:03:11","B89883","2019-10-01 14:03:11","1"
"8","59","1","2","9_2","繰り返し設定1","59","","FFFFFF","B89883","2019-10-01 14:03:11","B89883","2019-10-01 14:03:11","1"
"8","59","1","2","9_3","繰り返し設定1","59","","FFFFFF","B89883","2019-10-01 14:03:11","B89883","2019-10-01 14:03:11","1"
"8","59","1","2","9_4","繰り返し設定1","59","","FFFFFF","B89883","2019-10-01 14:03:11","B89883","2019-10-01 14:03:11","1"
"8","59","1","2","9_5","繰り返し設定1","59","","FFFFFF","B89883","2019-10-01 14:03:11","B89883","2019-10-01 14:03:11","1"
"8","59","1","2","9_6","繰り返し設定1","59","","FFFFFF","B89883","2019-10-01 14:03:11","B89883","2019-10-01 14:03:11","1"
"8","60","1","2","9_1","繰り返し設定1","60","","FFFFFF","B89883","2019-10-01 14:03:11","B89883","2019-10-01 14:03:11","1"
"8","62","1","2","9_2","繰り返し設定1","62","","FFFFFF","B89883","2019-10-01 14:03:11","B89883","2019-10-01 14:03:11","1"
"8","64","1","2","9_3","繰り返し設定1","64","","FFFFFF","B89883","2019-10-01 14:03:11","B89883","2019-10-01 14:03:11","1"
"8","66","1","2","9_4","繰り返し設定1","66","","FFFFFF","B89883","2019-10-01 14:03:11","B89883","2019-10-01 14:03:11","1"
"8","68","1","2","9_5","繰り返し設定1","68","","FFFFFF","B89883","2019-10-01 14:03:11","B89883","2019-10-01 14:03:11","1"
"8","70","1","2","9_6","繰り返し設定1","70","","FFFFFF","B89883","2019-10-01 14:03:11","B89883","2019-10-01 14:03:11","1"
"8","71","1","2","9_1","繰り返し設定1","71","","FFFFFF","B89883","2019-10-01 14:03:11","B89883","2019-10-01 14:03:11","1"
"8","71","1","2","9_2","繰り返し設定1","71","","FFFFFF","B89883","2019-10-01 14:03:11","B89883","2019-10-01 14:03:11","1"
"8","71","1","2","9_3","繰り返し設定1","71","","FFFFFF","B89883","2019-10-01 14:03:11","B89883","2019-10-01 14:03:11","1"
"8","71","1","2","9_4","繰り返し設定1","71","","FFFFFF","B89883","2019-10-01 14:03:11","B89883","2019-10-01 14:03:11","1"
"8","71","1","2","9_5","繰り返し設定1","71","","FFFFFF","B89883","2019-10-01 14:03:11","B89883","2019-10-01 14:03:11","1"
"8","71","1","2","9_6","繰り返し設定1","71","","FFFFFF","B89883","2019-10-01 14:03:11","B89883","2019-10-01 14:03:11","1"
"8","72","1","2","9_1","繰り返し設定1","72","","FFFFFF","B89883","2019-10-01 14:03:11","B89883","2019-10-01 14:03:11","1"
"8","74","1","2","9_2","繰り返し設定1","74","","FFFFFF","B89883","2019-10-01 14:03:11","B89883","2019-10-01 14:03:11","1"
"8","76","1","2","9_3","繰り返し設定1","76","","FFFFFF","B89883","2019-10-01 14:03:11","B89883","2019-10-01 14:03:11","1"
"8","78","1","2","9_4","繰り返し設定1","78","","FFFFFF","B89883","2019-10-01 14:03:11","B89883","2019-10-01 14:03:11","1"
"8","80","1","2","9_5","繰り返し設定1","80","","FFFFFF","B89883","2019-10-01 14:03:11","B89883","2019-10-01 14:03:11","1"
"8","82","1","2","9_6","繰り返し設定1","82","","FFFFFF","B89883","2019-10-01 14:03:11","B89883","2019-10-01 14:03:11","1"
"8","83","1","2","9_1","繰り返し設定1","83","","FFFFFF","B89883","2019-10-01 14:03:11","B89883","2019-10-01 14:03:11","1"
"8","83","1","2","9_2","繰り返し設定1","83","","FFFFFF","B89883","2019-10-01 14:03:11","B89883","2019-10-01 14:03:11","1"
"8","83","1","2","9_3","繰り返し設定1","83","","FFFFFF","B89883","2019-10-01 14:03:11","B89883","2019-10-01 14:03:11","1"
"8","83","1","2","9_4","繰り返し設定1","83","","FFFFFF","B89883","2019-10-01 14:03:11","B89883","2019-10-01 14:03:11","1"
"8","83","1","2","9_5","繰り返し設定1","83","","FFFFFF","B89883","2019-10-01 14:03:11","B89883","2019-10-01 14:03:11","1"
"8","83","1","2","9_6","繰り返し設定1","83","","FFFFFF","B89883","2019-10-01 14:03:11","B89883","2019-10-01 14:03:11","1"
"8","84","1","2","9_1","繰り返し設定1","84","","FFFFFF","B89883","2019-10-01 14:03:11","B89883","2019-10-01 14:03:11","1"
"8","86","1","2","9_2","繰り返し設定1","86","","FFFFFF","B89883","2019-10-01 14:03:12","B89883","2019-10-01 14:03:12","1"
"8","88","1","2","9_3","繰り返し設定1","88","","FFFFFF","B89883","2019-10-01 14:03:12","B89883","2019-10-01 14:03:12","1"
"8","90","1","2","9_4","繰り返し設定1","90","","FFFFFF","B89883","2019-10-01 14:03:12","B89883","2019-10-01 14:03:12","1"
"8","92","1","2","9_5","繰り返し設定1","92","","FFFFFF","B89883","2019-10-01 14:03:12","B89883","2019-10-01 14:03:12","1"
"8","94","1","2","9_6","繰り返し設定1","94","","FFFFFF","B89883","2019-10-01 14:03:12","B89883","2019-10-01 14:03:12","1"
"8","95","1","2","9_1","繰り返し設定1","95","","FFFFFF","B89883","2019-10-01 14:03:12","B89883","2019-10-01 14:03:12","1"
"8","95","1","2","9_2","繰り返し設定1","95","","FFFFFF","B89883","2019-10-01 14:03:12","B89883","2019-10-01 14:03:12","1"
"8","95","1","2","9_3","繰り返し設定1","95","","FFFFFF","B89883","2019-10-01 14:03:12","B89883","2019-10-01 14:03:12","1"
"8","95","1","2","9_4","繰り返し設定1","95","","FFFFFF","B89883","2019-10-01 14:03:12","B89883","2019-10-01 14:03:12","1"
"8","95","1","2","9_5","繰り返し設定1","95","","FFFFFF","B89883","2019-10-01 14:03:12","B89883","2019-10-01 14:03:12","1"
"8","95","1","2","9_6","繰り返し設定1","95","","FFFFFF","B89883","2019-10-01 14:03:12","B89883","2019-10-01 14:03:12","1"
"8","96","1","2","9_1","繰り返し設定1","96","","FFFFFF","B89883","2019-10-01 14:03:12","B89883","2019-10-01 14:03:12","1"
"8","98","1","2","9_2","繰り返し設定1","98","","FFFFFF","B89883","2019-10-01 14:03:12","B89883","2019-10-01 14:03:12","1"
"8","100","1","2","9_3","繰り返し設定1","100","","FFFFFF","B89883","2019-10-01 14:03:12","B89883","2019-10-01 14:03:12","1"
"8","102","1","2","9_4","繰り返し設定1","102","","FFFFFF","B89883","2019-10-01 14:03:12","B89883","2019-10-01 14:03:12","1"
"8","104","1","2","9_5","繰り返し設定1","104","","FFFFFF","B89883","2019-10-01 14:03:12","B89883","2019-10-01 14:03:12","1"
"8","106","1","2","9_6","繰り返し設定1","106","","FFFFFF","B89883","2019-10-01 14:03:12","B89883","2019-10-01 14:03:12","1"
"8","107","1","2","9_1","繰り返し設定1","107","","FFFFFF","B89883","2019-10-01 14:03:12","B89883","2019-10-01 14:03:12","1"
"8","107","1","2","9_2","繰り返し設定1","107","","FFFFFF","B89883","2019-10-01 14:03:12","B89883","2019-10-01 14:03:12","1"
"8","107","1","2","9_3","繰り返し設定1","107","","FFFFFF","B89883","2019-10-01 14:03:12","B89883","2019-10-01 14:03:12","1"
"8","107","1","2","9_4","繰り返し設定1","107","","FFFFFF","B89883","2019-10-01 14:03:12","B89883","2019-10-01 14:03:12","1"
"8","107","1","2","9_5","繰り返し設定1","107","","FFFFFF","B89883","2019-10-01 14:03:12","B89883","2019-10-01 14:03:12","1"
"8","107","1","2","9_6","繰り返し設定1","107","","FFFFFF","B89883","2019-10-01 14:03:12","B89883","2019-10-01 14:03:12","1"
"8","108","1","2","9_1","繰り返し設定1","108","","FFFFFF","B89883","2019-10-01 14:03:12","B89883","2019-10-01 14:03:12","1"
"8","110","1","2","9_2","繰り返し設定1","110","","FFFFFF","B89883","2019-10-01 14:03:12","B89883","2019-10-01 14:03:12","1"
"8","112","1","2","9_3","繰り返し設定1","112","","FFFFFF","B89883","2019-10-01 14:03:12","B89883","2019-10-01 14:03:12","1"
"8","114","1","2","9_4","繰り返し設定1","114","","FFFFFF","B89883","2019-10-01 14:03:12","B89883","2019-10-01 14:03:12","1"
"8","116","1","2","9_5","繰り返し設定1","116","","FFFFFF","B89883","2019-10-01 14:03:12","B89883","2019-10-01 14:03:12","1"
"8","118","1","2","9_6","繰り返し設定1","118","","FFFFFF","B89883","2019-10-01 14:03:12","B89883","2019-10-01 14:03:12","1"
"8","119","1","2","9_1","繰り返し設定1","119","","FFFFFF","B89883","2019-10-01 14:03:12","B89883","2019-10-01 14:03:12","1"
"8","119","1","2","9_2","繰り返し設定1","119","","FFFFFF","B89883","2019-10-01 14:03:12","B89883","2019-10-01 14:03:12","1"
"8","119","1","2","9_3","繰り返し設定1","119","","FFFFFF","B89883","2019-10-01 14:03:12","B89883","2019-10-01 14:03:12","1"
"8","119","1","2","9_4","繰り返し設定1","119","","FFFFFF","B89883","2019-10-01 14:03:12","B89883","2019-10-01 14:03:12","1"
"8","119","1","2","9_5","繰り返し設定1","119","","FFFFFF","B89883","2019-10-01 14:03:12","B89883","2019-10-01 14:03:12","1"
"8","119","1","2","9_6","繰り返し設定1","119","","FFFFFF","B89883","2019-10-01 14:03:12","B89883","2019-10-01 14:03:12","1"
"8","120","1","2","9_1","繰り返し設定1","120","","FFFFFF","B89883","2019-10-01 14:03:12","B89883","2019-10-01 14:03:12","1"
"8","122","1","2","9_2","繰り返し設定1","122","","FFFFFF","B89883","2019-10-01 14:03:12","B89883","2019-10-01 14:03:12","1"
"8","124","1","2","9_3","繰り返し設定1","124","","FFFFFF","B89883","2019-10-01 14:03:12","B89883","2019-10-01 14:03:12","1"
"8","126","1","2","9_4","繰り返し設定1","126","","FFFFFF","B89883","2019-10-01 14:03:12","B89883","2019-10-01 14:03:12","1"
"8","128","1","2","9_5","繰り返し設定1","128","","FFFFFF","B89883","2019-10-01 14:03:12","B89883","2019-10-01 14:03:12","1"
"8","130","1","2","9_6","繰り返し設定1","130","","FFFFFF","B89883","2019-10-01 14:03:12","B89883","2019-10-01 14:03:12","1"
"8","131","1","2","9_1","繰り返し設定1","131","","FFFFFF","B89883","2019-10-01 14:03:12","B89883","2019-10-01 14:03:12","1"
"8","131","1","2","9_2","繰り返し設定1","131","","FFFFFF","B89883","2019-10-01 14:03:12","B89883","2019-10-01 14:03:12","1"
"8","131","1","2","9_3","繰り返し設定1","131","","FFFFFF","B89883","2019-10-01 14:03:12","B89883","2019-10-01 14:03:12","1"
"8","131","1","2","9_4","繰り返し設定1","131","","FFFFFF","B89883","2019-10-01 14:03:12","B89883","2019-10-01 14:03:12","1"
"8","131","1","2","9_5","繰り返し設定1","131","","FFFFFF","B89883","2019-10-01 14:03:12","B89883","2019-10-01 14:03:12","1"
"8","131","1","2","9_6","繰り返し設定1","131","","FFFFFF","B89883","2019-10-01 14:03:12","B89883","2019-10-01 14:03:12","1"
"8","132","1","2","9_1","繰り返し設定1","132","","FFFFFF","B89883","2019-10-01 14:03:12","B89883","2019-10-01 14:03:12","1"
"8","134","1","2","9_2","繰り返し設定1","134","","FFFFFF","B89883","2019-10-01 14:03:12","B89883","2019-10-01 14:03:12","1"
"8","136","1","2","9_3","繰り返し設定1","136","","FFFFFF","B89883","2019-10-01 14:03:12","B89883","2019-10-01 14:03:12","1"
"8","138","1","2","9_4","繰り返し設定1","138","","FFFFFF","B89883","2019-10-01 14:03:12","B89883","2019-10-01 14:03:12","1"
"8","140","1","2","9_5","繰り返し設定1","140","","FFFFFF","B89883","2019-10-01 14:03:12","B89883","2019-10-01 14:03:12","1"
"8","142","1","2","9_6","繰り返し設定1","142","","FFFFFF","B89883","2019-10-01 14:03:12","B89883","2019-10-01 14:03:12","1"
"8","143","1","2","9_1","繰り返し設定1","143","","FFFFFF","B89883","2019-10-01 14:03:12","B89883","2019-10-01 14:03:12","1"
"8","143","1","2","9_2","繰り返し設定1","143","","FFFFFF","B89883","2019-10-01 14:03:12","B89883","2019-10-01 14:03:12","1"
"8","143","1","2","9_3","繰り返し設定1","143","","FFFFFF","B89883","2019-10-01 14:03:12","B89883","2019-10-01 14:03:12","1"
"8","143","1","2","9_4","繰り返し設定1","143","","FFFFFF","B89883","2019-10-01 14:03:12","B89883","2019-10-01 14:03:12","1"
"8","143","1","2","9_5","繰り返し設定1","143","","FFFFFF","B89883","2019-10-01 14:03:12","B89883","2019-10-01 14:03:12","1"
"8","143","1","2","9_6","繰り返し設定1","143","","FFFFFF","B89883","2019-10-01 14:03:12","B89883","2019-10-01 14:03:12","1"
"8","144","1","2","9_1","繰り返し設定1","144","","FFFFFF","B89883","2019-10-01 14:03:12","B89883","2019-10-01 14:03:12","1"
"8","146","1","2","9_2","繰り返し設定1","146","","FFFFFF","B89883","2019-10-01 14:03:13","B89883","2019-10-01 14:03:13","1"
"8","148","1","2","9_3","繰り返し設定1","148","","FFFFFF","B89883","2019-10-01 14:03:13","B89883","2019-10-01 14:03:13","1"
"8","150","1","2","9_4","繰り返し設定1","150","","FFFFFF","B89883","2019-10-01 14:03:13","B89883","2019-10-01 14:03:13","1"
"8","152","1","2","9_5","繰り返し設定1","152","","FFFFFF","B89883","2019-10-01 14:03:13","B89883","2019-10-01 14:03:13","1"
"8","154","1","2","9_6","繰り返し設定1","154","","FFFFFF","B89883","2019-10-01 14:03:13","B89883","2019-10-01 14:03:13","1"
"8","155","1","2","9_1","繰り返し設定1","155","","FFFFFF","B89883","2019-10-01 14:03:13","B89883","2019-10-01 14:03:13","1"
"8","155","1","2","9_2","繰り返し設定1","155","","FFFFFF","B89883","2019-10-01 14:03:13","B89883","2019-10-01 14:03:13","1"
"8","155","1","2","9_3","繰り返し設定1","155","","FFFFFF","B89883","2019-10-01 14:03:13","B89883","2019-10-01 14:03:13","1"
"8","155","1","2","9_4","繰り返し設定1","155","","FFFFFF","B89883","2019-10-01 14:03:13","B89883","2019-10-01 14:03:13","1"
"8","155","1","2","9_5","繰り返し設定1","155","","FFFFFF","B89883","2019-10-01 14:03:13","B89883","2019-10-01 14:03:13","1"
"8","155","1","2","9_6","繰り返し設定1","155","","FFFFFF","B89883","2019-10-01 14:03:13","B89883","2019-10-01 14:03:13","1"
"8","156","1","2","9_1","繰り返し設定1","156","","FFFFFF","B89883","2019-10-01 14:03:13","B89883","2019-10-01 14:03:13","1"
"8","158","1","2","9_2","繰り返し設定1","158","","FFFFFF","B89883","2019-10-01 14:03:13","B89883","2019-10-01 14:03:13","1"
"8","160","1","2","9_3","繰り返し設定1","160","","FFFFFF","B89883","2019-10-01 14:03:13","B89883","2019-10-01 14:03:13","1"
"8","162","1","2","9_4","繰り返し設定1","162","","FFFFFF","B89883","2019-10-01 14:03:13","B89883","2019-10-01 14:03:13","1"
"8","164","1","2","9_5","繰り返し設定1","164","","FFFFFF","B89883","2019-10-01 14:03:13","B89883","2019-10-01 14:03:13","1"
"8","166","1","2","9_6","繰り返し設定1","166","","FFFFFF","B89883","2019-10-01 14:03:13","B89883","2019-10-01 14:03:13","1"
"8","167","1","2","9_1","繰り返し設定1","167","","FFFFFF","B89883","2019-10-01 14:03:13","B89883","2019-10-01 14:03:13","1"
"8","167","1","2","9_2","繰り返し設定1","167","","FFFFFF","B89883","2019-10-01 14:03:13","B89883","2019-10-01 14:03:13","1"
"8","167","1","2","9_3","繰り返し設定1","167","","FFFFFF","B89883","2019-10-01 14:03:13","B89883","2019-10-01 14:03:13","1"
"8","167","1","2","9_4","繰り返し設定1","167","","FFFFFF","B89883","2019-10-01 14:03:13","B89883","2019-10-01 14:03:13","1"
"8","167","1","2","9_5","繰り返し設定1","167","","FFFFFF","B89883","2019-10-01 14:03:13","B89883","2019-10-01 14:03:13","1"
"8","167","1","2","9_6","繰り返し設定1","167","","FFFFFF","B89883","2019-10-01 14:03:13","B89883","2019-10-01 14:03:13","1"
"8","168","1","2","9_1","繰り返し設定1","168","","FFFFFF","B89883","2019-10-01 14:03:13","B89883","2019-10-01 14:03:13","1"
"8","170","1","2","9_2","繰り返し設定1","170","","FFFFFF","B89883","2019-10-01 14:03:13","B89883","2019-10-01 14:03:13","1"
"8","172","1","2","9_3","繰り返し設定1","172","","FFFFFF","B89883","2019-10-01 14:03:13","B89883","2019-10-01 14:03:13","1"
"8","174","1","2","9_4","繰り返し設定1","174","","FFFFFF","B89883","2019-10-01 14:03:13","B89883","2019-10-01 14:03:13","1"
"8","176","1","2","9_5","繰り返し設定1","176","","FFFFFF","B89883","2019-10-01 14:03:13","B89883","2019-10-01 14:03:13","1"
"8","178","1","2","9_6","繰り返し設定1","178","","FFFFFF","B89883","2019-10-01 14:03:13","B89883","2019-10-01 14:03:13","1"
"8","179","1","2","9_1","繰り返し設定1","179","","FFFFFF","B89883","2019-10-01 14:03:13","B89883","2019-10-01 14:03:13","1"
"8","179","1","2","9_2","繰り返し設定1","179","","FFFFFF","B89883","2019-10-01 14:03:13","B89883","2019-10-01 14:03:13","1"
"8","179","1","2","9_3","繰り返し設定1","179","","FFFFFF","B89883","2019-10-01 14:03:13","B89883","2019-10-01 14:03:13","1"
"8","179","1","2","9_4","繰り返し設定1","179","","FFFFFF","B89883","2019-10-01 14:03:13","B89883","2019-10-01 14:03:13","1"
"8","179","1","2","9_5","繰り返し設定1","179","","FFFFFF","B89883","2019-10-01 14:03:13","B89883","2019-10-01 14:03:13","1"
"8","179","1","2","9_6","繰り返し設定1","179","","FFFFFF","B89883","2019-10-01 14:03:13","B89883","2019-10-01 14:03:13","1"
"8","180","1","2","9_1","繰り返し設定1","180","","FFFFFF","B89883","2019-10-01 14:03:13","B89883","2019-10-01 14:03:13","1"
"8","182","1","2","9_2","繰り返し設定1","182","","FFFFFF","B89883","2019-10-01 14:03:13","B89883","2019-10-01 14:03:13","1"
"8","184","1","2","9_3","繰り返し設定1","184","","FFFFFF","B89883","2019-10-01 14:03:13","B89883","2019-10-01 14:03:13","1"
"8","186","1","2","9_4","繰り返し設定1","186","","FFFFFF","B89883","2019-10-01 14:03:13","B89883","2019-10-01 14:03:13","1"
"8","188","1","2","9_5","繰り返し設定1","188","","FFFFFF","B89883","2019-10-01 14:03:13","B89883","2019-10-01 14:03:13","1"
"8","190","1","2","9_6","繰り返し設定1","190","","FFFFFF","B89883","2019-10-01 14:03:13","B89883","2019-10-01 14:03:13","1"
"8","191","1","2","9_1","繰り返し設定1","191","","FFFFFF","B89883","2019-10-01 14:03:13","B89883","2019-10-01 14:03:13","1"
"8","191","1","2","9_2","繰り返し設定1","191","","FFFFFF","B89883","2019-10-01 14:03:13","B89883","2019-10-01 14:03:13","1"
"8","191","1","2","9_3","繰り返し設定1","191","","FFFFFF","B89883","2019-10-01 14:03:13","B89883","2019-10-01 14:03:13","1"
"8","191","1","2","9_4","繰り返し設定1","191","","FFFFFF","B89883","2019-10-01 14:03:13","B89883","2019-10-01 14:03:13","1"
"8","191","1","2","9_5","繰り返し設定1","191","","FFFFFF","B89883","2019-10-01 14:03:13","B89883","2019-10-01 14:03:13","1"
"8","191","1","2","9_6","繰り返し設定1","191","","FFFFFF","B89883","2019-10-01 14:03:13","B89883","2019-10-01 14:03:13","1"
"8","192","1","2","9_1","繰り返し設定1","192","","FFFFFF","B89883","2019-10-01 14:03:13","B89883","2019-10-01 14:03:13","1"
"8","194","1","2","9_2","繰り返し設定1","194","","FFFFFF","B89883","2019-10-01 14:03:13","B89883","2019-10-01 14:03:13","1"
"8","196","1","2","9_3","繰り返し設定1","196","","FFFFFF","B89883","2019-10-01 14:03:13","B89883","2019-10-01 14:03:13","1"
"8","198","1","2","9_4","繰り返し設定1","198","","FFFFFF","B89883","2019-10-01 14:03:13","B89883","2019-10-01 14:03:13","1"
"8","200","1","2","9_5","繰り返し設定1","200","","FFFFFF","B89883","2019-10-01 14:03:13","B89883","2019-10-01 14:03:13","1"
"8","202","1","2","9_6","繰り返し設定1","202","","FFFFFF","B89883","2019-10-01 14:03:13","B89883","2019-10-01 14:03:13","1"
"8","203","1","2","9_1","繰り返し設定1","203","","FFFFFF","B89883","2019-10-01 14:03:13","B89883","2019-10-01 14:03:13","1"
"8","203","1","2","9_2","繰り返し設定1","203","","FFFFFF","B89883","2019-10-01 14:03:13","B89883","2019-10-01 14:03:13","1"
"8","203","1","2","9_3","繰り返し設定1","203","","FFFFFF","B89883","2019-10-01 14:03:13","B89883","2019-10-01 14:03:13","1"
"8","203","1","2","9_4","繰り返し設定1","203","","FFFFFF","B89883","2019-10-01 14:03:13","B89883","2019-10-01 14:03:13","1"
"8","203","1","2","9_5","繰り返し設定1","203","","FFFFFF","B89883","2019-10-01 14:03:13","B89883","2019-10-01 14:03:13","1"
"8","203","1","2","9_6","繰り返し設定1","203","","FFFFFF","B89883","2019-10-01 14:03:13","B89883","2019-10-01 14:03:13","1"
"8","204","1","2","9_1","繰り返し設定1","204","","FFFFFF","B89883","2019-10-01 14:03:13","B89883","2019-10-01 14:03:13","1"
"8","206","1","2","9_2","繰り返し設定1","206","","FFFFFF","B89883","2019-10-01 14:03:13","B89883","2019-10-01 14:03:13","1"
"8","208","1","2","9_3","繰り返し設定1","208","","FFFFFF","B89883","2019-10-01 14:03:13","B89883","2019-10-01 14:03:13","1"
"8","210","1","2","9_4","繰り返し設定1","210","","FFFFFF","B89883","2019-10-01 14:03:13","B89883","2019-10-01 14:03:13","1"
"8","212","1","2","9_5","繰り返し設定1","212","","FFFFFF","B89883","2019-10-01 14:03:13","B89883","2019-10-01 14:03:13","1"
"8","214","1","2","9_6","繰り返し設定1","214","","FFFFFF","B89883","2019-10-01 14:03:13","B89883","2019-10-01 14:03:13","1"
"8","215","1","2","9_1","繰り返し設定1","215","","FFFFFF","B89883","2019-10-01 14:03:13","B89883","2019-10-01 14:03:13","1"
"8","215","1","2","9_2","繰り返し設定1","215","","FFFFFF","B89883","2019-10-01 14:03:13","B89883","2019-10-01 14:03:13","1"
"8","215","1","2","9_3","繰り返し設定1","215","","FFFFFF","B89883","2019-10-01 14:03:13","B89883","2019-10-01 14:03:13","1"
"8","215","1","2","9_4","繰り返し設定1","215","","FFFFFF","B89883","2019-10-01 14:03:13","B89883","2019-10-01 14:03:13","1"
"8","215","1","2","9_5","繰り返し設定1","215","","FFFFFF","B89883","2019-10-01 14:03:13","B89883","2019-10-01 14:03:13","1"
"8","215","1","2","9_6","繰り返し設定1","215","","FFFFFF","B89883","2019-10-01 14:03:13","B89883","2019-10-01 14:03:13","1"
"8","216","1","2","9_1","繰り返し設定1","216","","FFFFFF","B89883","2019-10-01 14:03:13","B89883","2019-10-01 14:03:13","1"
"8","218","1","2","9_2","繰り返し設定1","218","","FFFFFF","B89883","2019-10-01 14:03:13","B89883","2019-10-01 14:03:13","1"
"8","220","1","2","9_3","繰り返し設定1","220","","FFFFFF","B89883","2019-10-01 14:03:14","B89883","2019-10-01 14:03:14","1"
"8","222","1","2","9_4","繰り返し設定1","222","","FFFFFF","B89883","2019-10-01 14:03:14","B89883","2019-10-01 14:03:14","1"
"8","224","1","2","9_5","繰り返し設定1","224","","FFFFFF","B89883","2019-10-01 14:03:14","B89883","2019-10-01 14:03:14","1"
"8","226","1","2","9_6","繰り返し設定1","226","","FFFFFF","B89883","2019-10-01 14:03:14","B89883","2019-10-01 14:03:14","1"
"8","227","1","2","9_1","繰り返し設定1","227","","FFFFFF","B89883","2019-10-01 14:03:14","B89883","2019-10-01 14:03:14","1"
"8","227","1","2","9_2","繰り返し設定1","227","","FFFFFF","B89883","2019-10-01 14:03:14","B89883","2019-10-01 14:03:14","1"
"8","227","1","2","9_3","繰り返し設定1","227","","FFFFFF","B89883","2019-10-01 14:03:14","B89883","2019-10-01 14:03:14","1"
"8","227","1","2","9_4","繰り返し設定1","227","","FFFFFF","B89883","2019-10-01 14:03:14","B89883","2019-10-01 14:03:14","1"
"8","227","1","2","9_5","繰り返し設定1","227","","FFFFFF","B89883","2019-10-01 14:03:14","B89883","2019-10-01 14:03:14","1"
"8","227","1","2","9_6","繰り返し設定1","227","","FFFFFF","B89883","2019-10-01 14:03:14","B89883","2019-10-01 14:03:14","1"
"8","228","1","2","9_1","繰り返し設定1","228","","FFFFFF","B89883","2019-10-01 14:03:14","B89883","2019-10-01 14:03:14","1"
"8","230","1","2","9_2","繰り返し設定1","230","","FFFFFF","B89883","2019-10-01 14:03:14","B89883","2019-10-01 14:03:14","1"
"8","232","1","2","9_3","繰り返し設定1","232","","FFFFFF","B89883","2019-10-01 14:03:14","B89883","2019-10-01 14:03:14","1"
"8","234","1","2","9_4","繰り返し設定1","234","","FFFFFF","B89883","2019-10-01 14:03:14","B89883","2019-10-01 14:03:14","1"
"8","236","1","2","9_5","繰り返し設定1","236","","FFFFFF","B89883","2019-10-01 14:03:14","B89883","2019-10-01 14:03:14","1"
"8","238","1","2","9_6","繰り返し設定1","238","","FFFFFF","B89883","2019-10-01 14:03:14","B89883","2019-10-01 14:03:14","1"
"8","239","1","2","9_1","繰り返し設定1","239","","FFFFFF","B89883","2019-10-01 14:03:14","B89883","2019-10-01 14:03:14","1"
"8","239","1","2","9_2","繰り返し設定1","239","","FFFFFF","B89883","2019-10-01 14:03:14","B89883","2019-10-01 14:03:14","1"
"8","239","1","2","9_3","繰り返し設定1","239","","FFFFFF","B89883","2019-10-01 14:03:14","B89883","2019-10-01 14:03:14","1"
"8","239","1","2","9_4","繰り返し設定1","239","","FFFFFF","B89883","2019-10-01 14:03:14","B89883","2019-10-01 14:03:14","1"
"8","239","1","2","9_5","繰り返し設定1","239","","FFFFFF","B89883","2019-10-01 14:03:14","B89883","2019-10-01 14:03:14","1"
"8","239","1","2","9_6","繰り返し設定1","239","","FFFFFF","B89883","2019-10-01 14:03:14","B89883","2019-10-01 14:03:14","1"
"8","240","1","2","9_1","繰り返し設定1","240","","FFFFFF","B89883","2019-10-01 14:03:14","B89883","2019-10-01 14:03:14","1"
"8","242","1","2","9_2","繰り返し設定1","242","","FFFFFF","B89883","2019-10-01 14:03:14","B89883","2019-10-01 14:03:14","1"
"8","244","1","2","9_3","繰り返し設定1","244","","FFFFFF","B89883","2019-10-01 14:03:14","B89883","2019-10-01 14:03:14","1"
"8","246","1","2","9_4","繰り返し設定1","246","","FFFFFF","B89883","2019-10-01 14:03:14","B89883","2019-10-01 14:03:14","1"
"8","248","1","2","9_5","繰り返し設定1","248","","FFFFFF","B89883","2019-10-01 14:03:14","B89883","2019-10-01 14:03:14","1"
"8","250","1","2","9_6","繰り返し設定1","250","","FFFFFF","B89883","2019-10-01 14:03:14","B89883","2019-10-01 14:03:14","1"
"8","251","1","2","9_1","繰り返し設定1","251","","FFFFFF","B89883","2019-10-01 14:03:14","B89883","2019-10-01 14:03:14","1"
"8","251","1","2","9_2","繰り返し設定1","251","","FFFFFF","B89883","2019-10-01 14:03:14","B89883","2019-10-01 14:03:14","1"
"8","251","1","2","9_3","繰り返し設定1","251","","FFFFFF","B89883","2019-10-01 14:03:14","B89883","2019-10-01 14:03:14","1"
"8","251","1","2","9_4","繰り返し設定1","251","","FFFFFF","B89883","2019-10-01 14:03:14","B89883","2019-10-01 14:03:14","1"
"8","251","1","2","9_5","繰り返し設定1","251","","FFFFFF","B89883","2019-10-01 14:03:14","B89883","2019-10-01 14:03:14","1"
"8","251","1","2","9_6","繰り返し設定1","251","","FFFFFF","B89883","2019-10-01 14:03:14","B89883","2019-10-01 14:03:14","1"
"8","252","1","2","9_1","繰り返し設定1","252","","FFFFFF","B89883","2019-10-01 14:03:14","B89883","2019-10-01 14:03:14","1"
"8","254","1","2","9_2","繰り返し設定1","254","","FFFFFF","B89883","2019-10-01 14:03:14","B89883","2019-10-01 14:03:14","1"
"8","256","1","2","9_3","繰り返し設定1","256","","FFFFFF","B89883","2019-10-01 14:03:14","B89883","2019-10-01 14:03:14","1"
"8","258","1","2","9_4","繰り返し設定1","258","","FFFFFF","B89883","2019-10-01 14:03:14","B89883","2019-10-01 14:03:14","1"
"8","260","1","2","9_5","繰り返し設定1","260","","FFFFFF","B89883","2019-10-01 14:03:14","B89883","2019-10-01 14:03:14","1"
"8","262","1","2","9_6","繰り返し設定1","262","","FFFFFF","B89883","2019-10-01 14:03:14","B89883","2019-10-01 14:03:14","1"
"8","263","1","2","9_1","繰り返し設定1","263","","FFFFFF","B89883","2019-10-01 14:03:14","B89883","2019-10-01 14:03:14","1"
"8","263","1","2","9_2","繰り返し設定1","263","","FFFFFF","B89883","2019-10-01 14:03:14","B89883","2019-10-01 14:03:14","1"
"8","263","1","2","9_3","繰り返し設定1","263","","FFFFFF","B89883","2019-10-01 14:03:14","B89883","2019-10-01 14:03:14","1"
"8","263","1","2","9_4","繰り返し設定1","263","","FFFFFF","B89883","2019-10-01 14:03:14","B89883","2019-10-01 14:03:14","1"
"8","263","1","2","9_5","繰り返し設定1","263","","FFFFFF","B89883","2019-10-01 14:03:14","B89883","2019-10-01 14:03:14","1"
"8","263","1","2","9_6","繰り返し設定1","263","","FFFFFF","B89883","2019-10-01 14:03:14","B89883","2019-10-01 14:03:14","1"
"8","264","1","2","9_1","繰り返し設定1","264","","FFFFFF","B89883","2019-10-01 14:03:14","B89883","2019-10-01 14:03:14","1"
"8","266","1","2","9_2","繰り返し設定1","266","","FFFFFF","B89883","2019-10-01 14:03:14","B89883","2019-10-01 14:03:14","1"
"8","268","1","2","9_3","繰り返し設定1","268","","FFFFFF","B89883","2019-10-01 14:03:14","B89883","2019-10-01 14:03:14","1"
"8","270","1","2","9_4","繰り返し設定1","270","","FFFFFF","B89883","2019-10-01 14:03:14","B89883","2019-10-01 14:03:14","1"
"8","272","1","2","9_5","繰り返し設定1","272","","FFFFFF","B89883","2019-10-01 14:03:14","B89883","2019-10-01 14:03:14","1"
"8","274","1","2","9_6","繰り返し設定1","274","","FFFFFF","B89883","2019-10-01 14:03:14","B89883","2019-10-01 14:03:14","1"
"8","275","1","2","9_1","繰り返し設定1","275","","FFFFFF","B89883","2019-10-01 14:03:14","B89883","2019-10-01 14:03:14","1"
"8","275","1","2","9_2","繰り返し設定1","275","","FFFFFF","B89883","2019-10-01 14:03:14","B89883","2019-10-01 14:03:14","1"
"8","275","1","2","9_3","繰り返し設定1","275","","FFFFFF","B89883","2019-10-01 14:03:14","B89883","2019-10-01 14:03:14","1"
"8","275","1","2","9_4","繰り返し設定1","275","","FFFFFF","B89883","2019-10-01 14:03:14","B89883","2019-10-01 14:03:14","1"
"8","275","1","2","9_5","繰り返し設定1","275","","FFFFFF","B89883","2019-10-01 14:03:14","B89883","2019-10-01 14:03:14","1"
"8","275","1","2","9_6","繰り返し設定1","275","","FFFFFF","B89883","2019-10-01 14:03:14","B89883","2019-10-01 14:03:14","1"
"8","276","1","2","9_1","繰り返し設定1","276","","FFFFFF","B89883","2019-10-01 14:03:14","B89883","2019-10-01 14:03:14","1"
"8","278","1","2","9_2","繰り返し設定1","278","","FFFFFF","B89883","2019-10-01 14:03:14","B89883","2019-10-01 14:03:14","1"
"8","280","1","2","9_3","繰り返し設定1","280","","FFFFFF","B89883","2019-10-01 14:03:14","B89883","2019-10-01 14:03:14","1"
"8","282","1","2","9_4","繰り返し設定1","282","","FFFFFF","B89883","2019-10-01 14:03:14","B89883","2019-10-01 14:03:14","1"
"8","284","1","2","9_5","繰り返し設定1","284","","FFFFFF","B89883","2019-10-01 14:03:15","B89883","2019-10-01 14:03:15","1"
"8","286","1","2","9_6","繰り返し設定1","286","","FFFFFF","B89883","2019-10-01 14:03:15","B89883","2019-10-01 14:03:15","1"
"8","287","1","2","9_1","繰り返し設定1","287","","FFFFFF","B89883","2019-10-01 14:03:15","B89883","2019-10-01 14:03:15","1"
"8","287","1","2","9_2","繰り返し設定1","287","","FFFFFF","B89883","2019-10-01 14:03:15","B89883","2019-10-01 14:03:15","1"
"8","287","1","2","9_3","繰り返し設定1","287","","FFFFFF","B89883","2019-10-01 14:03:15","B89883","2019-10-01 14:03:15","1"
"8","287","1","2","9_4","繰り返し設定1","287","","FFFFFF","B89883","2019-10-01 14:03:15","B89883","2019-10-01 14:03:15","1"
"8","287","1","2","9_5","繰り返し設定1","287","","FFFFFF","B89883","2019-10-01 14:03:15","B89883","2019-10-01 14:03:15","1"
"8","287","1","2","9_6","繰り返し設定1","287","","FFFFFF","B89883","2019-10-01 14:03:15","B89883","2019-10-01 14:03:15","1"
"8","288","1","2","9_1","繰り返し設定1","288","","FFFFFF","B89883","2019-10-01 14:03:15","B89883","2019-10-01 14:03:15","1"
"8","290","1","2","9_2","繰り返し設定1","290","","FFFFFF","B89883","2019-10-01 14:03:15","B89883","2019-10-01 14:03:15","1"
"8","292","1","2","9_3","繰り返し設定1","292","","FFFFFF","B89883","2019-10-01 14:03:15","B89883","2019-10-01 14:03:15","1"
"8","294","1","2","9_4","繰り返し設定1","294","","FFFFFF","B89883","2019-10-01 14:03:15","B89883","2019-10-01 14:03:15","1"
"8","296","1","2","9_5","繰り返し設定1","296","","FFFFFF","B89883","2019-10-01 14:03:15","B89883","2019-10-01 14:03:15","1"
"8","298","1","2","9_6","繰り返し設定1","298","","FFFFFF","B89883","2019-10-01 14:03:15","B89883","2019-10-01 14:03:15","1"
"8","299","1","2","9_1","繰り返し設定1","299","","FFFFFF","B89883","2019-10-01 14:03:15","B89883","2019-10-01 14:03:15","1"
"8","299","1","2","9_2","繰り返し設定1","299","","FFFFFF","B89883","2019-10-01 14:03:15","B89883","2019-10-01 14:03:15","1"
"8","299","1","2","9_3","繰り返し設定1","299","","FFFFFF","B89883","2019-10-01 14:03:15","B89883","2019-10-01 14:03:15","1"
"8","299","1","2","9_4","繰り返し設定1","299","","FFFFFF","B89883","2019-10-01 14:03:15","B89883","2019-10-01 14:03:15","1"
"8","299","1","2","9_5","繰り返し設定1","299","","FFFFFF","B89883","2019-10-01 14:03:15","B89883","2019-10-01 14:03:15","1"
"8","299","1","2","9_6","繰り返し設定1","299","","FFFFFF","B89883","2019-10-01 14:03:15","B89883","2019-10-01 14:03:15","1"
"8","300","1","2","9_1","繰り返し設定1","300","","FFFFFF","B89883","2019-10-01 14:03:15","B89883","2019-10-01 14:03:15","1"
"8","302","1","2","9_2","繰り返し設定1","302","","FFFFFF","B89883","2019-10-01 14:03:15","B89883","2019-10-01 14:03:15","1"
"8","304","1","2","9_3","繰り返し設定1","304","","FFFFFF","B89883","2019-10-01 14:03:15","B89883","2019-10-01 14:03:15","1"
"8","306","1","2","9_4","繰り返し設定1","306","","FFFFFF","B89883","2019-10-01 14:03:15","B89883","2019-10-01 14:03:15","1"
"8","308","1","2","9_5","繰り返し設定1","308","","FFFFFF","B89883","2019-10-01 14:03:15","B89883","2019-10-01 14:03:15","1"
"8","310","1","2","9_6","繰り返し設定1","310","","FFFFFF","B89883","2019-10-01 14:03:15","B89883","2019-10-01 14:03:15","1"
"8","311","1","2","9_1","繰り返し設定1","311","","FFFFFF","B89883","2019-10-01 14:03:15","B89883","2019-10-01 14:03:15","1"
"8","311","1","2","9_2","繰り返し設定1","311","","FFFFFF","B89883","2019-10-01 14:03:15","B89883","2019-10-01 14:03:15","1"
"8","311","1","2","9_3","繰り返し設定1","311","","FFFFFF","B89883","2019-10-01 14:03:15","B89883","2019-10-01 14:03:15","1"
"8","311","1","2","9_4","繰り返し設定1","311","","FFFFFF","B89883","2019-10-01 14:03:15","B89883","2019-10-01 14:03:15","1"
"8","311","1","2","9_5","繰り返し設定1","311","","FFFFFF","B89883","2019-10-01 14:03:15","B89883","2019-10-01 14:03:15","1"
"8","311","1","2","9_6","繰り返し設定1","311","","FFFFFF","B89883","2019-10-01 14:03:15","B89883","2019-10-01 14:03:15","1"
"8","312","1","2","9_1","繰り返し設定1","312","","FFFFFF","B89883","2019-10-01 14:03:15","B89883","2019-10-01 14:03:15","1"
"8","314","1","2","9_2","繰り返し設定1","314","","FFFFFF","B89883","2019-10-01 14:03:15","B89883","2019-10-01 14:03:15","1"
"8","315","1","2","9_1","繰り返し設定1","315","","FFFFFF","B89883","2019-10-01 14:03:15","B89883","2019-10-01 14:03:15","1"
"8","315","1","2","9_2","繰り返し設定1","315","","FFFFFF","B89883","2019-10-01 14:03:15","B89883","2019-10-01 14:03:15","1"
"8","315","1","2","9_3","繰り返し設定1","315","","FFFFFF","B89883","2019-10-01 14:03:15","B89883","2019-10-01 14:03:15","1"
"8","315","1","2","9_4","繰り返し設定1","315","","FFFFFF","B89883","2019-10-01 14:03:15","B89883","2019-10-01 14:03:15","1"
"8","315","1","2","9_5","繰り返し設定1","315","","FFFFFF","B89883","2019-10-01 14:03:15","B89883","2019-10-01 14:03:15","1"
"8","315","1","2","9_6","繰り返し設定1","315","","FFFFFF","B89883","2019-10-01 14:03:15","B89883","2019-10-01 14:03:15","1"
"9","1","1","2","9_5","繰り返し設定1","1","","FFFFFF","A2636","2019-06-14 14:06:27","A2636","2019-06-14 14:06:27","1"
"9","2","1","2","9_1","繰り返し設定1","2","","FFFFFF","A2636","2019-06-14 14:06:27","A2636","2019-06-14 14:06:27","1"
"9","3","1","2","9_2","繰り返し設定1","3","","FFFFFF","A2636","2019-06-14 14:06:27","A2636","2019-06-14 14:06:27","1"
"9","4","1","2","9_3","繰り返し設定1","4","","FFFFFF","A2636","2019-06-14 14:06:27","A2636","2019-06-14 14:06:27","1"
"9","5","1","2","9_4","繰り返し設定1","5","","FFFFFF","A2636","2019-06-14 14:06:27","A2636","2019-06-14 14:06:27","1"
"9","6","1","2","9_5","繰り返し設定1","6","","FFFFFF","A2636","2019-06-14 14:06:27","A2636","2019-06-14 14:06:27","1"
"9","7","1","2","9_1","繰り返し設定1","7","","FFFFFF","A2636","2019-06-14 14:06:27","A2636","2019-06-14 14:06:27","1"
"9","8","1","2","9_2","繰り返し設定1","8","","FFFFFF","A2636","2019-06-14 14:06:27","A2636","2019-06-14 14:06:27","1"
"9","9","1","2","9_3","繰り返し設定1","9","","FFFFFF","A2636","2019-06-14 14:06:27","A2636","2019-06-14 14:06:27","1"
"9","10","1","2","9_4","繰り返し設定1","10","","FFFFFF","A2636","2019-06-14 14:06:27","A2636","2019-06-14 14:06:27","1"
"9","11","1","2","9_5","繰り返し設定1","11","","FFFFFF","A2636","2019-06-14 14:06:27","A2636","2019-06-14 14:06:27","1"
"9","12","1","2","9_1","繰り返し設定1","12","","FFFFFF","A2636","2019-06-14 14:06:27","A2636","2019-06-14 14:06:27","1"
"9","13","1","2","9_2","繰り返し設定1","13","","FFFFFF","A2636","2019-06-14 14:06:27","A2636","2019-06-14 14:06:27","1"
"9","14","1","2","9_3","繰り返し設定1","14","","FFFFFF","A2636","2019-06-14 14:06:27","A2636","2019-06-14 14:06:27","1"
"9","15","1","2","9_4","繰り返し設定1","15","","FFFFFF","A2636","2019-06-14 14:06:27","A2636","2019-06-14 14:06:27","1"
"9","16","1","2","9_5","繰り返し設定1","16","","FFFFFF","A2636","2019-06-14 14:06:27","A2636","2019-06-14 14:06:27","1"
"9","17","1","2","9_1","繰り返し設定1","17","","FFFFFF","A2636","2019-06-14 14:06:27","A2636","2019-06-14 14:06:27","1"
"9","18","1","2","9_2","繰り返し設定1","18","","FFFFFF","A2636","2019-06-14 14:06:27","A2636","2019-06-14 14:06:27","1"
"9","19","1","2","9_3","繰り返し設定1","19","","FFFFFF","A2636","2019-06-14 14:06:27","A2636","2019-06-14 14:06:27","1"
"9","20","1","2","9_4","繰り返し設定1","20","","FFFFFF","A2636","2019-06-14 14:06:27","A2636","2019-06-14 14:06:27","1"
"9","21","1","2","9_5","繰り返し設定1","21","","FFFFFF","A2636","2019-06-14 14:06:27","A2636","2019-06-14 14:06:27","1"
"9","22","1","2","9_1","繰り返し設定1","22","","FFFFFF","A2636","2019-06-14 14:06:27","A2636","2019-06-14 14:06:27","1"
"9","23","1","2","9_2","繰り返し設定1","23","","FFFFFF","A2636","2019-06-14 14:06:27","A2636","2019-06-14 14:06:27","1"
"9","24","1","2","9_3","繰り返し設定1","24","","FFFFFF","A2636","2019-06-14 14:06:27","A2636","2019-06-14 14:06:27","1"
"9","25","1","2","9_4","繰り返し設定1","25","","FFFFFF","A2636","2019-06-14 14:06:27","A2636","2019-06-14 14:06:27","1"
"9","26","1","2","9_5","繰り返し設定1","26","","FFFFFF","A2636","2019-06-14 14:06:27","A2636","2019-06-14 14:06:27","1"
"9","27","1","2","9_1","繰り返し設定1","27","","FFFFFF","A2636","2019-06-14 14:06:27","A2636","2019-06-14 14:06:27","1"
"9","28","1","2","9_2","繰り返し設定1","28","","FFFFFF","A2636","2019-06-14 14:06:27","A2636","2019-06-14 14:06:27","1"
"9","29","1","2","9_3","繰り返し設定1","29","","FFFFFF","A2636","2019-06-14 14:06:27","A2636","2019-06-14 14:06:27","1"
"9","30","1","2","9_4","繰り返し設定1","30","","FFFFFF","A2636","2019-06-14 14:06:27","A2636","2019-06-14 14:06:27","1"
"9","31","1","2","9_5","繰り返し設定1","31","","FFFFFF","A2636","2019-06-14 14:06:27","A2636","2019-06-14 14:06:27","1"
"9","32","1","2","9_1","繰り返し設定1","32","","FFFFFF","A2636","2019-06-14 14:06:27","A2636","2019-06-14 14:06:27","1"
"9","33","1","2","9_2","繰り返し設定1","33","","FFFFFF","A2636","2019-06-14 14:06:27","A2636","2019-06-14 14:06:27","1"
"9","34","1","2","9_3","繰り返し設定1","34","","FFFFFF","A2636","2019-06-14 14:06:27","A2636","2019-06-14 14:06:27","1"
"9","35","1","2","9_4","繰り返し設定1","35","","FFFFFF","A2636","2019-06-14 14:06:27","A2636","2019-06-14 14:06:27","1"
"9","36","1","2","9_5","繰り返し設定1","36","","FFFFFF","A2636","2019-06-14 14:06:27","A2636","2019-06-14 14:06:27","1"
"9","37","1","2","9_1","繰り返し設定1","37","","FFFFFF","A2636","2019-06-14 14:06:27","A2636","2019-06-14 14:06:27","1"
"9","38","1","2","9_2","繰り返し設定1","38","","FFFFFF","A2636","2019-06-14 14:06:27","A2636","2019-06-14 14:06:27","1"
"9","39","1","2","9_3","繰り返し設定1","39","","FFFFFF","A2636","2019-06-14 14:06:27","A2636","2019-06-14 14:06:27","1"
"9","40","1","2","9_4","繰り返し設定1","40","","FFFFFF","A2636","2019-06-14 14:06:27","A2636","2019-06-14 14:06:27","1"
"9","41","1","2","9_5","繰り返し設定1","41","","FFFFFF","A2636","2019-06-14 14:06:27","A2636","2019-06-14 14:06:27","1"
"9","42","1","2","9_1","繰り返し設定1","42","","FFFFFF","A2636","2019-06-14 14:06:27","A2636","2019-06-14 14:06:27","1"
"9","43","1","2","9_2","繰り返し設定1","43","","FFFFFF","A2636","2019-06-14 14:06:27","A2636","2019-06-14 14:06:27","1"
"9","44","1","2","9_3","繰り返し設定1","44","","FFFFFF","A2636","2019-06-14 14:06:27","A2636","2019-06-14 14:06:27","1"
"9","45","1","2","9_4","繰り返し設定1","45","","FFFFFF","A2636","2019-06-14 14:06:27","A2636","2019-06-14 14:06:27","1"
"9","46","1","2","9_5","繰り返し設定1","46","","FFFFFF","A2636","2019-06-14 14:06:27","A2636","2019-06-14 14:06:27","1"
"9","47","1","2","9_1","繰り返し設定1","47","","FFFFFF","A2636","2019-06-14 14:06:27","A2636","2019-06-14 14:06:27","1"
"9","48","1","2","9_2","繰り返し設定1","48","","FFFFFF","A2636","2019-06-14 14:06:27","A2636","2019-06-14 14:06:27","1"
"9","49","1","2","9_3","繰り返し設定1","49","","FFFFFF","A2636","2019-06-14 14:06:27","A2636","2019-06-14 14:06:27","1"
"9","50","1","2","9_4","繰り返し設定1","50","","FFFFFF","A2636","2019-06-14 14:06:27","A2636","2019-06-14 14:06:27","1"
"9","51","1","2","9_5","繰り返し設定1","51","","FFFFFF","A2636","2019-06-14 14:06:27","A2636","2019-06-14 14:06:27","1"
"9","52","1","2","9_1","繰り返し設定1","52","","FFFFFF","A2636","2019-06-14 14:06:27","A2636","2019-06-14 14:06:27","1"
"9","53","1","2","9_2","繰り返し設定1","53","","FFFFFF","A2636","2019-06-14 14:06:27","A2636","2019-06-14 14:06:27","1"
"9","54","1","2","9_3","繰り返し設定1","54","","FFFFFF","A2636","2019-06-14 14:06:27","A2636","2019-06-14 14:06:27","1"
"9","55","1","2","9_4","繰り返し設定1","55","","FFFFFF","A2636","2019-06-14 14:06:27","A2636","2019-06-14 14:06:27","1"
"9","56","1","2","9_5","繰り返し設定1","56","","FFFFFF","A2636","2019-06-14 14:06:27","A2636","2019-06-14 14:06:27","1"
"9","57","1","2","9_1","繰り返し設定1","57","","FFFFFF","A2636","2019-06-14 14:06:27","A2636","2019-06-14 14:06:27","1"
"9","58","1","2","9_2","繰り返し設定1","58","","FFFFFF","A2636","2019-06-14 14:06:27","A2636","2019-06-14 14:06:27","1"
"9","59","1","2","9_3","繰り返し設定1","59","","FFFFFF","A2636","2019-06-14 14:06:27","A2636","2019-06-14 14:06:27","1"
"9","60","1","2","9_4","繰り返し設定1","60","","FFFFFF","A2636","2019-06-14 14:06:27","A2636","2019-06-14 14:06:27","1"
"9","61","1","2","9_5","繰り返し設定1","61","","FFFFFF","A2636","2019-06-14 14:06:27","A2636","2019-06-14 14:06:27","1"
"9","62","1","2","9_1","繰り返し設定1","62","","FFFFFF","A2636","2019-06-14 14:06:27","A2636","2019-06-14 14:06:27","1"
"9","63","1","2","9_2","繰り返し設定1","63","","FFFFFF","A2636","2019-06-14 14:06:27","A2636","2019-06-14 14:06:27","1"
"9","64","1","2","9_3","繰り返し設定1","64","","FFFFFF","A2636","2019-06-14 14:06:28","A2636","2019-06-14 14:06:28","1"
"9","65","1","2","9_4","繰り返し設定1","65","","FFFFFF","A2636","2019-06-14 14:06:28","A2636","2019-06-14 14:06:28","1"
"9","66","1","2","9_5","繰り返し設定1","66","","FFFFFF","A2636","2019-06-14 14:06:28","A2636","2019-06-14 14:06:28","1"
"9","67","1","2","9_1","繰り返し設定1","67","","FFFFFF","A2636","2019-06-14 14:06:28","A2636","2019-06-14 14:06:28","1"
"9","68","1","2","9_2","繰り返し設定1","68","","FFFFFF","A2636","2019-06-14 14:06:28","A2636","2019-06-14 14:06:28","1"
"9","69","1","2","9_3","繰り返し設定1","69","","FFFFFF","A2636","2019-06-14 14:06:28","A2636","2019-06-14 14:06:28","1"
"9","70","1","2","9_4","繰り返し設定1","70","","FFFFFF","A2636","2019-06-14 14:06:28","A2636","2019-06-14 14:06:28","1"
"9","71","1","2","9_5","繰り返し設定1","71","","FFFFFF","A2636","2019-06-14 14:06:28","A2636","2019-06-14 14:06:28","1"
"9","72","1","2","9_1","繰り返し設定1","72","","FFFFFF","A2636","2019-06-14 14:06:28","A2636","2019-06-14 14:06:28","1"
"9","73","1","2","9_2","繰り返し設定1","73","","FFFFFF","A2636","2019-06-14 14:06:28","A2636","2019-06-14 14:06:28","1"
"9","74","1","2","9_3","繰り返し設定1","74","","FFFFFF","A2636","2019-06-14 14:06:28","A2636","2019-06-14 14:06:28","1"
"9","75","1","2","9_4","繰り返し設定1","75","","FFFFFF","A2636","2019-06-14 14:06:28","A2636","2019-06-14 14:06:28","1"
"9","76","1","2","9_5","繰り返し設定1","76","","FFFFFF","A2636","2019-06-14 14:06:28","A2636","2019-06-14 14:06:28","1"
"9","77","1","2","9_1","繰り返し設定1","77","","FFFFFF","A2636","2019-06-14 14:06:28","A2636","2019-06-14 14:06:28","1"
"9","78","1","2","9_2","繰り返し設定1","78","","FFFFFF","A2636","2019-06-14 14:06:28","A2636","2019-06-14 14:06:28","1"
"9","79","1","2","9_3","繰り返し設定1","79","","FFFFFF","A2636","2019-06-14 14:06:28","A2636","2019-06-14 14:06:28","1"
"9","80","1","2","9_4","繰り返し設定1","80","","FFFFFF","A2636","2019-06-14 14:06:28","A2636","2019-06-14 14:06:28","1"
"9","81","1","2","9_5","繰り返し設定1","81","","FFFFFF","A2636","2019-06-14 14:06:28","A2636","2019-06-14 14:06:28","1"
"9","82","1","2","9_1","繰り返し設定1","82","","FFFFFF","A2636","2019-06-14 14:06:28","A2636","2019-06-14 14:06:28","1"
"9","83","1","2","9_2","繰り返し設定1","83","","FFFFFF","A2636","2019-06-14 14:06:28","A2636","2019-06-14 14:06:28","1"
"9","84","1","2","9_3","繰り返し設定1","84","","FFFFFF","A2636","2019-06-14 14:06:28","A2636","2019-06-14 14:06:28","1"
"9","85","1","2","9_4","繰り返し設定1","85","","FFFFFF","A2636","2019-06-14 14:06:28","A2636","2019-06-14 14:06:28","1"
"9","86","1","2","9_5","繰り返し設定1","86","","FFFFFF","A2636","2019-06-14 14:06:28","A2636","2019-06-14 14:06:28","1"
"9","87","1","2","9_1","繰り返し設定1","87","","FFFFFF","A2636","2019-06-14 14:06:28","A2636","2019-06-14 14:06:28","1"
"9","88","1","2","9_2","繰り返し設定1","88","","FFFFFF","A2636","2019-06-14 14:06:28","A2636","2019-06-14 14:06:28","1"
"9","89","1","2","9_3","繰り返し設定1","89","","FFFFFF","A2636","2019-06-14 14:06:28","A2636","2019-06-14 14:06:28","1"
"9","90","1","2","9_4","繰り返し設定1","90","","FFFFFF","A2636","2019-06-14 14:06:28","A2636","2019-06-14 14:06:28","1"
"9","91","1","2","9_5","繰り返し設定1","91","","FFFFFF","A2636","2019-06-14 14:06:28","A2636","2019-06-14 14:06:28","1"
"9","92","1","2","9_1","繰り返し設定1","92","","FFFFFF","A2636","2019-06-14 14:06:28","A2636","2019-06-14 14:06:28","1"
"9","93","1","2","9_2","繰り返し設定1","93","","FFFFFF","A2636","2019-06-14 14:06:28","A2636","2019-06-14 14:06:28","1"
"9","94","1","2","9_3","繰り返し設定1","94","","FFFFFF","A2636","2019-06-14 14:06:28","A2636","2019-06-14 14:06:28","1"
"9","95","1","2","9_4","繰り返し設定1","95","","FFFFFF","A2636","2019-06-14 14:06:28","A2636","2019-06-14 14:06:28","1"
"9","96","1","2","9_5","繰り返し設定1","96","","FFFFFF","A2636","2019-06-14 14:06:28","A2636","2019-06-14 14:06:28","1"
"9","97","1","2","9_1","繰り返し設定1","97","","FFFFFF","A2636","2019-06-14 14:06:28","A2636","2019-06-14 14:06:28","1"
"9","98","1","2","9_2","繰り返し設定1","98","","FFFFFF","A2636","2019-06-14 14:06:28","A2636","2019-06-14 14:06:28","1"
"9","99","1","2","9_3","繰り返し設定1","99","","FFFFFF","A2636","2019-06-14 14:06:28","A2636","2019-06-14 14:06:28","1"
"9","100","1","2","9_4","繰り返し設定1","100","","FFFFFF","A2636","2019-06-14 14:06:28","A2636","2019-06-14 14:06:28","1"
"9","101","1","2","9_5","繰り返し設定1","101","","FFFFFF","A2636","2019-06-14 14:06:28","A2636","2019-06-14 14:06:28","1"
"9","102","1","2","9_1","繰り返し設定1","102","","FFFFFF","A2636","2019-06-14 14:06:28","A2636","2019-06-14 14:06:28","1"
"9","103","1","2","9_2","繰り返し設定1","103","","FFFFFF","A2636","2019-06-14 14:06:28","A2636","2019-06-14 14:06:28","1"
"9","104","1","2","9_3","繰り返し設定1","104","","FFFFFF","A2636","2019-06-14 14:06:28","A2636","2019-06-14 14:06:28","1"
"9","105","1","2","9_4","繰り返し設定1","105","","FFFFFF","A2636","2019-06-14 14:06:28","A2636","2019-06-14 14:06:28","1"
"9","106","1","2","9_5","繰り返し設定1","106","","FFFFFF","A2636","2019-06-14 14:06:28","A2636","2019-06-14 14:06:28","1"
"9","107","1","2","9_1","繰り返し設定1","107","","FFFFFF","A2636","2019-06-14 14:06:28","A2636","2019-06-14 14:06:28","1"
"9","108","1","2","9_2","繰り返し設定1","108","","FFFFFF","A2636","2019-06-14 14:06:28","A2636","2019-06-14 14:06:28","1"
"9","109","1","2","9_3","繰り返し設定1","109","","FFFFFF","A2636","2019-06-14 14:06:28","A2636","2019-06-14 14:06:28","1"
"9","110","1","2","9_4","繰り返し設定1","110","","FFFFFF","A2636","2019-06-14 14:06:28","A2636","2019-06-14 14:06:28","1"
"9","111","1","2","9_5","繰り返し設定1","111","","FFFFFF","A2636","2019-06-14 14:06:28","A2636","2019-06-14 14:06:28","1"
"9","112","1","2","9_1","繰り返し設定1","112","","FFFFFF","A2636","2019-06-14 14:06:28","A2636","2019-06-14 14:06:28","1"
"9","113","1","2","9_2","繰り返し設定1","113","","FFFFFF","A2636","2019-06-14 14:06:28","A2636","2019-06-14 14:06:28","1"
"9","114","1","2","9_3","繰り返し設定1","114","","FFFFFF","A2636","2019-06-14 14:06:28","A2636","2019-06-14 14:06:28","1"
"9","115","1","2","9_4","繰り返し設定1","115","","FFFFFF","A2636","2019-06-14 14:06:28","A2636","2019-06-14 14:06:28","1"
"9","116","1","2","9_5","繰り返し設定1","116","","FFFFFF","A2636","2019-06-14 14:06:28","A2636","2019-06-14 14:06:28","1"
"9","117","1","2","9_1","繰り返し設定1","117","","FFFFFF","A2636","2019-06-14 14:06:28","A2636","2019-06-14 14:06:28","1"
"9","118","1","2","9_2","繰り返し設定1","118","","FFFFFF","A2636","2019-06-14 14:06:28","A2636","2019-06-14 14:06:28","1"
"9","119","1","2","9_3","繰り返し設定1","119","","FFFFFF","A2636","2019-06-14 14:06:28","A2636","2019-06-14 14:06:28","1"
"9","120","1","2","9_4","繰り返し設定1","120","","FFFFFF","A2636","2019-06-14 14:06:28","A2636","2019-06-14 14:06:28","1"
"9","121","1","2","9_5","繰り返し設定1","121","","FFFFFF","A2636","2019-06-14 14:06:28","A2636","2019-06-14 14:06:28","1"
"10","1","1","2","9_2","繰り返し設定1","1","","FFFFFF","A3218","2019-09-10 13:30:06","A3218","2019-09-10 13:30:06","1"
"10","1","1","2","9_4","繰り返し設定1","1","","FFFFFF","A3218","2019-09-10 13:30:06","A3218","2019-09-10 13:30:06","1"
"10","1","1","2","9_5","繰り返し設定1","1","","FFFFFF","A3218","2019-09-10 13:30:06","A3218","2019-09-10 13:30:06","1"
"10","2","1","2","9_2","繰り返し設定1","2","","FFFFFF","A3218","2019-09-10 13:30:32","A3218","2019-09-10 13:30:32","1"
"10","3","1","2","9_3","繰り返し設定1","3","","FFFFFF","A3218","2019-09-10 13:30:32","A3218","2019-09-10 13:30:32","1"
"10","4","1","2","9_4","繰り返し設定1","4","","FFFFFF","A3218","2019-09-10 13:30:32","A3218","2019-09-10 13:30:32","1"
"10","5","1","2","9_5","繰り返し設定1","5","","FFFFFF","A3218","2019-09-10 13:30:32","A3218","2019-09-10 13:30:32","1"
"10","6","1","2","9_1","繰り返し設定1","6","","FFFFFF","A3218","2019-09-10 13:30:32","A3218","2019-09-10 13:30:32","1"
"10","7","1","2","9_2","繰り返し設定1","7","","FFFFFF","A3218","2019-09-10 13:30:32","A3218","2019-09-10 13:30:32","1"
"10","8","1","2","9_3","繰り返し設定1","8","","FFFFFF","A3218","2019-09-10 13:30:32","A3218","2019-09-10 13:30:32","1"
"10","9","1","2","9_4","繰り返し設定1","9","","FFFFFF","A3218","2019-09-10 13:30:32","A3218","2019-09-10 13:30:32","1"
"10","10","1","2","9_5","繰り返し設定1","10","","FFFFFF","A3218","2019-09-10 13:30:32","A3218","2019-09-10 13:30:32","1"
"10","11","1","2","9_1","繰り返し設定1","11","","FFFFFF","A3218","2019-09-10 13:30:32","A3218","2019-09-10 13:30:32","1"
"10","12","1","2","9_2","繰り返し設定1","12","","FFFFFF","A3218","2019-09-10 13:30:32","A3218","2019-09-10 13:30:32","1"
"10","13","1","2","9_3","繰り返し設定1","13","","FFFFFF","A3218","2019-09-10 13:30:32","A3218","2019-09-10 13:30:32","1"
"10","14","1","2","9_4","繰り返し設定1","14","","FFFFFF","A3218","2019-09-10 13:30:32","A3218","2019-09-10 13:30:32","1"
"10","15","1","2","9_5","繰り返し設定1","15","","FFFFFF","A3218","2019-09-10 13:30:32","A3218","2019-09-10 13:30:32","1"
"10","16","1","2","9_1","繰り返し設定1","16","","FFFFFF","A3218","2019-09-10 13:30:32","A3218","2019-09-10 13:30:32","1"
"10","17","1","2","9_2","繰り返し設定1","17","","FFFFFF","A3218","2019-09-10 13:30:32","A3218","2019-09-10 13:30:32","1"
"10","18","1","2","9_3","繰り返し設定1","18","","FFFFFF","A3218","2019-09-10 13:30:32","A3218","2019-09-10 13:30:32","1"
"10","19","1","2","9_4","繰り返し設定1","19","","FFFFFF","A3218","2019-09-10 13:30:32","A3218","2019-09-10 13:30:32","1"
"10","20","1","2","9_5","繰り返し設定1","20","","FFFFFF","A3218","2019-09-10 13:30:32","A3218","2019-09-10 13:30:32","1"
"10","21","1","2","9_1","繰り返し設定1","21","","FFFFFF","A3218","2019-09-10 13:30:32","A3218","2019-09-10 13:30:32","1"
"10","22","1","2","9_2","繰り返し設定1","22","","FFFFFF","A3218","2019-09-10 13:30:32","A3218","2019-09-10 13:30:32","1"
"10","23","1","2","9_3","繰り返し設定1","23","","FFFFFF","A3218","2019-09-10 13:30:32","A3218","2019-09-10 13:30:32","1"
"10","24","1","2","9_4","繰り返し設定1","24","","FFFFFF","A3218","2019-09-10 13:30:32","A3218","2019-09-10 13:30:32","1"
"10","25","1","2","9_5","繰り返し設定1","25","","FFFFFF","A3218","2019-09-10 13:30:32","A3218","2019-09-10 13:30:32","1"
"10","26","1","2","9_1","繰り返し設定1","26","","FFFFFF","A3218","2019-09-10 13:30:32","A3218","2019-09-10 13:30:32","1"
"10","27","1","2","9_2","繰り返し設定1","27","","FFFFFF","A3218","2019-09-10 13:30:32","A3218","2019-09-10 13:30:32","1"
"10","28","1","2","9_3","繰り返し設定1","28","","FFFFFF","A3218","2019-09-10 13:30:32","A3218","2019-09-10 13:30:32","1"
"10","29","1","2","9_4","繰り返し設定1","29","","FFFFFF","A3218","2019-09-10 13:30:32","A3218","2019-09-10 13:30:32","1"
"10","30","1","2","9_5","繰り返し設定1","30","","FFFFFF","A3218","2019-09-10 13:30:32","A3218","2019-09-10 13:30:32","1"
"10","31","1","2","9_1","繰り返し設定1","31","","FFFFFF","A3218","2019-09-10 13:30:33","A3218","2019-09-10 13:30:33","1"
"10","32","1","2","9_2","繰り返し設定1","32","","FFFFFF","A3218","2019-09-10 13:30:33","A3218","2019-09-10 13:30:33","1"
"10","33","1","2","9_3","繰り返し設定1","33","","FFFFFF","A3218","2019-09-10 13:30:33","A3218","2019-09-10 13:30:33","1"
"10","34","1","2","9_4","繰り返し設定1","34","","FFFFFF","A3218","2019-09-10 13:30:33","A3218","2019-09-10 13:30:33","1"
"10","35","1","2","9_5","繰り返し設定1","35","","FFFFFF","A3218","2019-09-10 13:30:33","A3218","2019-09-10 13:30:33","1"
"10","36","1","2","9_1","繰り返し設定1","36","","FFFFFF","A3218","2019-09-10 13:30:33","A3218","2019-09-10 13:30:33","1"
"10","37","1","2","9_2","繰り返し設定1","37","","FFFFFF","A3218","2019-09-10 13:30:33","A3218","2019-09-10 13:30:33","1"
"10","38","1","2","9_3","繰り返し設定1","38","","FFFFFF","A3218","2019-09-10 13:30:33","A3218","2019-09-10 13:30:33","1"
"10","39","1","2","9_4","繰り返し設定1","39","","FFFFFF","A3218","2019-09-10 13:30:33","A3218","2019-09-10 13:30:33","1"
"10","40","1","2","9_5","繰り返し設定1","40","","FFFFFF","A3218","2019-09-10 13:30:33","A3218","2019-09-10 13:30:33","1"
"10","41","1","2","9_1","繰り返し設定1","41","","FFFFFF","A3218","2019-09-10 13:30:33","A3218","2019-09-10 13:30:33","1"
"10","42","1","2","9_2","繰り返し設定1","42","","FFFFFF","A3218","2019-09-10 13:30:33","A3218","2019-09-10 13:30:33","1"
"10","43","1","2","9_3","繰り返し設定1","43","","FFFFFF","A3218","2019-09-10 13:30:33","A3218","2019-09-10 13:30:33","1"
"10","44","1","2","9_4","繰り返し設定1","44","","FFFFFF","A3218","2019-09-10 13:30:33","A3218","2019-09-10 13:30:33","1"
"10","45","1","2","9_5","繰り返し設定1","45","","FFFFFF","A3218","2019-09-10 13:30:33","A3218","2019-09-10 13:30:33","1"
"11","1","1","2","9_1","繰り返し設定1","1","","FFFFFF","A3218","2019-09-10 13:31:38","A3218","2019-09-10 13:31:38","1"
"11","1","1","2","9_2","繰り返し設定1","1","","FFFFFF","A3218","2019-09-10 13:31:38","A3218","2019-09-10 13:31:38","1"
"11","1","1","2","9_3","繰り返し設定1","1","","FFFFFF","A3218","2019-09-10 13:31:38","A3218","2019-09-10 13:31:38","1"
"11","1","1","2","9_4","繰り返し設定1","1","","FFFFFF","A3218","2019-09-10 13:31:38","A3218","2019-09-10 13:31:38","1"
"11","1","1","2","9_5","繰り返し設定1","1","","FFFFFF","A3218","2019-09-10 13:31:38","A3218","2019-09-10 13:31:38","1"
"12","1","1","2","9_2","繰り返し設定1","1","","FFFFFF","A3218","2019-09-10 13:32:36","A3218","2019-09-10 13:32:36","1"
"12","1","1","2","9_5","繰り返し設定1","1","","FFFFFF","A3218","2019-09-10 13:32:36","A3218","2019-09-10 13:32:36","1"
"12","2","1","2","9_5","繰り返し設定1","2","","FFFFFF","A3218","2019-09-10 13:33:06","A3218","2019-09-10 13:33:06","1"
"12","3","1","2","9_2","繰り返し設定1","3","","FFFFFF","A3218","2019-09-10 13:33:06","A3218","2019-09-10 13:33:06","1"
"12","3","1","2","9_5","繰り返し設定1","3","","FFFFFF","A3218","2019-09-10 13:33:06","A3218","2019-09-10 13:33:06","1"
"13","1","1","2","9_2","繰り返し設定1","1","","FFFFFF","A3218","2019-09-10 13:34:23","A3218","2019-09-10 13:34:23","1"
"13","1","1","2","9_5","繰り返し設定1","1","","FFFFFF","A3218","2019-09-10 13:34:23","A3218","2019-09-10 13:34:23","1"
"14","1","1","2","9_2","繰り返し設定1","1","","FFFFFF","A3218","2019-09-10 13:35:42","A3218","2019-09-10 13:35:42","1"
"14","1","1","2","9_5","繰り返し設定1","1","","FFFFFF","A3218","2019-09-10 13:35:42","A3218","2019-09-10 13:35:42","1"
